n	x	y	z
0	0.112500	0.000000	0.000636
1	0.337500	0.000000	0.000666
2	0.562500	0.000000	0.000696
3	0.787500	0.000000	0.000725
4	1.012500	0.000000	0.000755
5	1.237500	0.000000	0.000784
6	1.462500	0.000000	0.000813
7	1.687500	0.000000	0.000842
8	1.912500	0.000000	0.000871
9	2.137500	0.000000	0.000900
10	2.362500	0.000000	0.000928
11	2.587500	0.000000	0.000955
12	2.812500	0.000000	0.000983
13	3.037500	0.000000	0.001010
14	3.262500	0.000000	0.001036
15	3.487500	0.000000	0.001062
16	3.712500	0.000000	0.001087
17	3.937500	0.000000	0.001112
18	4.162500	0.000000	0.001136
19	4.387500	0.000000	0.001160
20	4.500000	0.416667	-0.001141
21	4.500000	1.250000	-0.001151
22	4.500000	2.083333	-0.001158
23	4.500000	2.916667	-0.001161
24	4.500000	3.750000	-0.001162
25	4.500000	4.583333	-0.001160
26	4.500000	5.416667	-0.001156
27	4.500000	6.250000	-0.001152
28	4.500000	7.083333	-0.001147
29	4.500000	7.916667	-0.001141
30	4.500000	8.750000	-0.001135
31	4.500000	9.583333	-0.001127
32	4.500000	10.416667	-0.001116
33	4.500000	11.250000	-0.001101
34	4.500000	12.083333	-0.001078
35	4.500000	12.916667	-0.001046
36	4.500000	13.750000	-0.000998
37	4.500000	14.583333	-0.000927
38	4.500000	15.416667	-0.000825
39	4.500000	16.250000	-0.000677
40	4.500000	17.083333	-0.000468
41	4.500000	17.916667	-0.000180
42	4.500000	18.750000	0.000197
43	4.500000	19.583333	0.000649
44	4.500000	20.416667	0.000978
45	4.500000	21.250000	0.001251
46	4.500000	22.083333	0.001714
47	4.500000	22.916667	0.002120
48	4.500000	23.750000	0.002439
49	4.500000	24.583333	0.002678
50	4.500000	25.416667	0.002852
51	4.500000	26.250000	0.002977
52	4.500000	27.083333	0.003062
53	4.500000	27.916667	0.003116
54	4.500000	28.750000	0.003142
55	4.500000	29.583333	0.003141
56	4.500000	30.416667	0.003111
57	4.500000	31.250000	0.003048
58	4.500000	32.083333	0.002943
59	4.500000	32.916667	0.002783
60	4.500000	33.750000	0.002555
61	4.500000	34.583333	0.002243
62	4.500000	35.416667	0.001840
63	4.500000	36.250000	0.001375
64	4.500000	37.083333	0.001097
65	4.637500	37.500000	0.001608
66	4.912500	37.500000	0.001497
67	5.187500	37.500000	0.001345
68	5.462500	37.500000	0.001259
69	5.737500	37.500000	0.001227
70	6.012500	37.500000	0.001214
71	6.287500	37.500000	0.001204
72	6.562500	37.500000	0.001195
73	6.837500	37.500000	0.001183
74	7.112500	37.500000	0.001169
75	7.387500	37.500000	0.001153
76	7.662500	37.500000	0.001134
77	7.937500	37.500000	0.001113
78	8.212500	37.500000	0.001090
79	8.487500	37.500000	0.001066
80	8.762500	37.500000	0.001047
81	9.037500	37.500000	0.001046
82	9.312500	37.500000	0.001100
83	9.587500	37.500000	0.001219
84	9.862500	37.500000	0.001298
85	10.000000	37.083333	0.003494
86	10.000000	36.250000	0.003735
87	10.000000	35.416667	0.004165
88	10.000000	34.583333	0.004540
89	10.000000	33.750000	0.004834
90	10.000000	32.916667	0.005055
91	10.000000	32.083333	0.005222
92	10.000000	31.250000	0.005348
93	10.000000	30.416667	0.005447
94	10.000000	29.583333	0.005525
95	10.000000	28.750000	0.005587
96	10.000000	27.916667	0.005630
97	10.000000	27.083333	0.005654
98	10.000000	26.250000	0.005650
99	10.000000	25.416667	0.005609
100	10.000000	24.583333	0.005517
101	10.000000	23.750000	0.005357
102	10.000000	22.916667	0.005110
103	10.000000	22.083333	0.004768
104	10.000000	21.250000	0.004358
105	10.000000	20.416667	0.004126
106	10.000000	19.583333	0.003825
107	10.000000	18.750000	0.003386
108	10.000000	17.916667	0.003008
109	10.000000	17.083333	0.002706
110	10.000000	16.250000	0.002471
111	10.000000	15.416667	0.002286
112	10.000000	14.583333	0.002136
113	10.000000	13.750000	0.002012
114	10.000000	12.916667	0.001905
115	10.000000	12.083333	0.001811
116	10.000000	11.250000	0.001727
117	10.000000	10.416667	0.001651
118	10.000000	9.583333	0.001585
119	10.000000	8.750000	0.001526
120	10.000000	7.916667	0.001476
121	10.000000	7.083333	0.001433
122	10.000000	6.250000	0.001397
123	10.000000	5.416667	0.001368
124	10.000000	4.583333	0.001343
125	10.000000	3.750000	0.001320
126	10.000000	2.916667	0.001298
127	10.000000	2.083333	0.001273
128	10.000000	1.250000	0.001244
129	10.000000	0.416667	0.001210
130	10.112500	0.000000	0.001468
131	10.337500	0.000000	0.001468
132	10.562500	0.000000	0.001467
133	10.787500	0.000000	0.001465
134	11.012500	0.000000	0.001463
135	11.237500	0.000000	0.001460
136	11.462500	0.000000	0.001456
137	11.687500	0.000000	0.001451
138	11.912500	0.000000	0.001446
139	12.137500	0.000000	0.001440
140	12.362500	0.000000	0.001433
141	12.587500	0.000000	0.001426
142	12.812500	0.000000	0.001418
143	13.037500	0.000000	0.001410
144	13.262500	0.000000	0.001401
145	13.487500	0.000000	0.001391
146	13.712500	0.000000	0.001381
147	13.937500	0.000000	0.001371
148	14.162500	0.000000	0.001360
149	14.387500	0.000000	0.001348
150	14.500000	0.416667	-0.001246
151	14.500000	1.250000	-0.001322
152	14.500000	2.083333	-0.001386
153	14.500000	2.916667	-0.001445
154	14.500000	3.750000	-0.001502
155	14.500000	4.583333	-0.001565
156	14.500000	5.416667	-0.001640
157	14.500000	6.250000	-0.001732
158	14.500000	7.083333	-0.001844
159	14.500000	7.916667	-0.001979
160	14.500000	8.750000	-0.002135
161	14.500000	9.583333	-0.002312
162	14.500000	10.416667	-0.002508
163	14.500000	11.250000	-0.002720
164	14.500000	12.083333	-0.002947
165	14.500000	12.916667	-0.003186
166	14.500000	13.750000	-0.003436
167	14.500000	14.583333	-0.003692
168	14.500000	15.416667	-0.003948
169	14.500000	16.250000	-0.004193
170	14.500000	17.083333	-0.004410
171	14.500000	17.916667	-0.004579
172	14.500000	18.750000	-0.004681
173	14.500000	19.583333	-0.004708
174	14.500000	20.416667	-0.004675
175	14.500000	21.250000	-0.004616
176	14.500000	22.083333	-0.004568
177	14.500000	22.916667	-0.004553
178	14.500000	23.750000	-0.004568
179	14.500000	24.583333	-0.004598
180	14.500000	25.416667	-0.004626
181	14.500000	26.250000	-0.004636
182	14.500000	27.083333	-0.004618
183	14.500000	27.916667	-0.004566
184	14.500000	28.750000	-0.004480
185	14.500000	29.583333	-0.004361
186	14.500000	30.416667	-0.004213
187	14.500000	31.250000	-0.004044
188	14.500000	32.083333	-0.003863
189	14.500000	32.916667	-0.003686
190	14.500000	33.750000	-0.003532
191	14.500000	34.583333	-0.003422
192	14.500000	35.416667	-0.003369
193	14.500000	36.250000	-0.003375
194	14.500000	37.083333	-0.003414
195	14.637500	37.500000	0.000393
196	14.912500	37.500000	0.000329
197	15.187500	37.500000	0.000265
198	15.462500	37.500000	0.000202
199	15.737500	37.500000	0.000138
200	16.012500	37.500000	0.000075
201	16.287500	37.500000	0.000013
202	16.562500	37.500000	-0.000050
203	16.837500	37.500000	-0.000111
204	17.112500	37.500000	-0.000172
205	17.387500	37.500000	-0.000232
206	17.662500	37.500000	-0.000292
207	17.937500	37.500000	-0.000351
208	18.212500	37.500000	-0.000408
209	18.487500	37.500000	-0.000465
210	18.762500	37.500000	-0.000521
211	19.037500	37.500000	-0.000576
212	19.312500	37.500000	-0.000630
213	19.587500	37.500000	-0.000682
214	19.862500	37.500000	-0.000734
215	20.000000	37.083333	0.003012
216	20.000000	36.250000	0.002939
217	20.000000	35.416667	0.002897
218	20.000000	34.583333	0.002913
219	20.000000	33.750000	0.002988
220	20.000000	32.916667	0.003108
221	20.000000	32.083333	0.003255
222	20.000000	31.250000	0.003412
223	20.000000	30.416667	0.003566
224	20.000000	29.583333	0.003710
225	20.000000	28.750000	0.003841
226	20.000000	27.916667	0.003959
227	20.000000	27.083333	0.004067
228	20.000000	26.250000	0.004168
229	20.000000	25.416667	0.004269
230	20.000000	24.583333	0.004376
231	20.000000	23.750000	0.004495
232	20.000000	22.916667	0.004628
233	20.000000	22.083333	0.004770
234	20.000000	21.250000	0.004907
235	20.000000	20.416667	0.005021
236	20.000000	19.583333	0.005094
237	20.000000	18.750000	0.005123
238	20.000000	17.916667	0.005115
239	20.000000	17.083333	0.005077
240	20.000000	16.250000	0.005012
241	20.000000	15.416667	0.004919
242	20.000000	14.583333	0.004796
243	20.000000	13.750000	0.004643
244	20.000000	12.916667	0.004458
245	20.000000	12.083333	0.004243
246	20.000000	11.250000	0.003999
247	20.000000	10.416667	0.003728
248	20.000000	9.583333	0.003435
249	20.000000	8.750000	0.003126
250	20.000000	7.916667	0.002812
251	20.000000	7.083333	0.002506
252	20.000000	6.250000	0.002231
253	20.000000	5.416667	0.002004
254	20.000000	4.583333	0.001836
255	20.000000	3.750000	0.001718
256	20.000000	2.916667	0.001619
257	20.000000	2.083333	0.001500
258	20.000000	1.250000	0.001339
259	20.000000	0.416667	0.001135
260	20.112500	0.000000	0.000889
261	20.337500	0.000000	0.000858
262	20.562500	0.000000	0.000825
263	20.787500	0.000000	0.000790
264	21.012500	0.000000	0.000751
265	21.237500	0.000000	0.000709
266	21.462500	0.000000	0.000663
267	21.687500	0.000000	0.000613
268	21.912500	0.000000	0.000558
269	22.137500	0.000000	0.000497
270	22.362500	0.000000	0.000430
271	22.587500	0.000000	0.000356
272	22.812500	0.000000	0.000274
273	23.037500	0.000000	0.000184
274	23.262500	0.000000	0.000086
275	23.487500	0.000000	-0.000021
276	23.712500	0.000000	-0.000137
277	23.937500	0.000000	-0.000261
278	24.162500	0.000000	-0.000393
279	24.387500	0.000000	-0.000531
280	24.500000	0.416667	-0.000003
281	24.500000	1.250000	-0.000392
282	24.500000	2.083333	-0.000877
283	24.500000	2.916667	-0.001405
284	24.500000	3.750000	-0.001713
285	24.500000	4.583333	-0.002187
286	24.500000	5.416667	-0.002726
287	24.500000	6.250000	-0.003190
288	24.500000	7.083333	-0.003569
289	24.500000	7.916667	-0.003876
290	24.500000	8.750000	-0.004126
291	24.500000	9.583333	-0.004332
292	24.500000	10.416667	-0.004503
293	24.500000	11.250000	-0.004646
294	24.500000	12.083333	-0.004764
295	24.500000	12.916667	-0.004858
296	24.500000	13.750000	-0.004925
297	24.500000	14.583333	-0.004966
298	24.500000	15.416667	-0.004976
299	24.500000	16.250000	-0.004953
300	24.500000	17.083333	-0.004895
301	24.500000	17.916667	-0.004807
302	24.500000	18.750000	-0.004701
303	24.500000	19.583333	-0.004654
304	24.500000	20.416667	-0.004691
305	24.500000	21.250000	-0.004442
306	24.500000	22.083333	-0.004378
307	24.500000	22.916667	-0.004344
308	24.500000	23.750000	-0.004316
309	24.500000	24.583333	-0.004289
310	24.500000	25.416667	-0.004263
311	24.500000	26.250000	-0.004239
312	24.500000	27.083333	-0.004217
313	24.500000	27.916667	-0.004197
314	24.500000	28.750000	-0.004175
315	24.500000	29.583333	-0.004150
316	24.500000	30.416667	-0.004117
317	24.500000	31.250000	-0.004070
318	24.500000	32.083333	-0.003999
319	24.500000	32.916667	-0.003891
320	24.500000	33.750000	-0.003731
321	24.500000	34.583333	-0.003501
322	24.500000	35.416667	-0.003191
323	24.500000	36.250000	-0.002825
324	24.500000	37.083333	-0.002647
325	24.637500	37.500000	-0.001361
326	24.912500	37.500000	-0.001270
327	25.187500	37.500000	-0.001140
328	25.462500	37.500000	-0.001077
329	25.737500	37.500000	-0.001069
330	26.012500	37.500000	-0.001082
331	26.287500	37.500000	-0.001100
332	26.562500	37.500000	-0.001119
333	26.837500	37.500000	-0.001139
334	27.112500	37.500000	-0.001157
335	27.387500	37.500000	-0.001175
336	27.662500	37.500000	-0.001192
337	27.937500	37.500000	-0.001208
338	28.212500	37.500000	-0.001224
339	28.487500	37.500000	-0.001241
340	28.762500	37.500000	-0.001263
341	29.037500	37.500000	-0.001306
342	29.312500	37.500000	-0.001405
343	29.587500	37.500000	-0.001570
344	29.862500	37.500000	-0.001695
345	30.000000	37.083333	-0.002145
346	30.000000	36.250000	-0.002464
347	30.000000	35.416667	-0.002959
348	30.000000	34.583333	-0.003374
349	30.000000	33.750000	-0.003683
350	30.000000	32.916667	-0.003903
351	30.000000	32.083333	-0.004060
352	30.000000	31.250000	-0.004179
353	30.000000	30.416667	-0.004276
354	30.000000	29.583333	-0.004364
355	30.000000	28.750000	-0.004450
356	30.000000	27.916667	-0.004536
357	30.000000	27.083333	-0.004622
358	30.000000	26.250000	-0.004705
359	30.000000	25.416667	-0.004781
360	30.000000	24.583333	-0.004842
361	30.000000	23.750000	-0.004876
362	30.000000	22.916667	-0.004874
363	30.000000	22.083333	-0.004835
364	30.000000	21.250000	-0.004785
365	30.000000	20.416667	-0.004894
366	30.000000	19.583333	-0.004717
367	30.000000	18.750000	-0.004648
368	30.000000	17.916667	-0.004674
369	30.000000	17.083333	-0.004723
370	30.000000	16.250000	-0.004776
371	30.000000	15.416667	-0.004822
372	30.000000	14.583333	-0.004857
373	30.000000	13.750000	-0.004879
374	30.000000	12.916667	-0.004888
375	30.000000	12.083333	-0.004885
376	30.000000	11.250000	-0.004868
377	30.000000	10.416667	-0.004838
378	30.000000	9.583333	-0.004790
379	30.000000	8.750000	-0.004717
380	30.000000	7.916667	-0.004609
381	30.000000	7.083333	-0.004451
382	30.000000	6.250000	-0.004225
383	30.000000	5.416667	-0.003919
384	30.000000	4.583333	-0.003535
385	30.000000	3.750000	-0.003212
386	30.000000	2.916667	-0.003046
387	30.000000	2.083333	-0.002648
388	30.000000	1.250000	-0.002278
389	30.000000	0.416667	-0.001984
390	30.112500	0.000000	-0.001175
391	30.337500	0.000000	-0.001087
392	30.562500	0.000000	-0.001005
393	30.787500	0.000000	-0.000930
394	31.012500	0.000000	-0.000864
395	31.237500	0.000000	-0.000806
396	31.462500	0.000000	-0.000756
397	31.687500	0.000000	-0.000715
398	31.912500	0.000000	-0.000682
399	32.137500	0.000000	-0.000656
400	32.362500	0.000000	-0.000637
401	32.587500	0.000000	-0.000624
402	32.812500	0.000000	-0.000616
403	33.037500	0.000000	-0.000612
404	33.262500	0.000000	-0.000613
405	33.487500	0.000000	-0.000617
406	33.712500	0.000000	-0.000624
407	33.937500	0.000000	-0.000633
408	34.162500	0.000000	-0.000645
409	34.387500	0.000000	-0.000658
410	34.500000	0.416667	0.003131
411	34.500000	1.250000	0.003282
412	34.500000	2.083333	0.003365
413	34.500000	2.916667	0.003386
414	34.500000	3.750000	0.003376
415	34.500000	4.583333	0.003378
416	34.500000	5.416667	0.003431
417	34.500000	6.250000	0.003550
418	34.500000	7.083333	0.003730
419	34.500000	7.916667	0.003952
420	34.500000	8.750000	0.004198
421	34.500000	9.583333	0.004451
422	34.500000	10.416667	0.004699
423	34.500000	11.250000	0.004933
424	34.500000	12.083333	0.005150
425	34.500000	12.916667	0.005344
426	34.500000	13.750000	0.005514
427	34.500000	14.583333	0.005658
428	34.500000	15.416667	0.005772
429	34.500000	16.250000	0.005853
430	34.500000	17.083333	0.005896
431	34.500000	17.916667	0.005890
432	34.500000	18.750000	0.005824
433	34.500000	19.583333	0.005691
434	34.500000	20.416667	0.005576
435	34.500000	21.250000	0.005440
436	34.500000	22.083333	0.005169
437	34.500000	22.916667	0.004899
438	34.500000	23.750000	0.004656
439	34.500000	24.583333	0.004438
440	34.500000	25.416667	0.004237
441	34.500000	26.250000	0.004041
442	34.500000	27.083333	0.003841
443	34.500000	27.916667	0.003632
444	34.500000	28.750000	0.003409
445	34.500000	29.583333	0.003175
446	34.500000	30.416667	0.002931
447	34.500000	31.250000	0.002687
448	34.500000	32.083333	0.002456
449	34.500000	32.916667	0.002258
450	34.500000	33.750000	0.002118
451	34.500000	34.583333	0.002065
452	34.500000	35.416667	0.002119
453	34.500000	36.250000	0.002263
454	34.500000	37.083333	0.002350
455	34.637500	37.500000	-0.001608
456	34.912500	37.500000	-0.001526
457	35.187500	37.500000	-0.001424
458	35.462500	37.500000	-0.001354
459	35.737500	37.500000	-0.001312
460	36.012500	37.500000	-0.001278
461	36.287500	37.500000	-0.001246
462	36.562500	37.500000	-0.001213
463	36.837500	37.500000	-0.001180
464	37.112500	37.500000	-0.001145
465	37.387500	37.500000	-0.001109
466	37.662500	37.500000	-0.001072
467	37.937500	37.500000	-0.001033
468	38.212500	37.500000	-0.000994
469	38.487500	37.500000	-0.000955
470	38.762500	37.500000	-0.000918
471	39.037500	37.500000	-0.000890
472	39.312500	37.500000	-0.000890
473	39.587500	37.500000	-0.000922
474	39.862500	37.500000	-0.000935
475	40.000000	37.083333	-0.004658
476	40.000000	36.250000	-0.004810
477	40.000000	35.416667	-0.005093
478	40.000000	34.583333	-0.005409
479	40.000000	33.750000	-0.005746
480	40.000000	32.916667	-0.006092
481	40.000000	32.083333	-0.006436
482	40.000000	31.250000	-0.006768
483	40.000000	30.416667	-0.007080
484	40.000000	29.583333	-0.007367
485	40.000000	28.750000	-0.007624
486	40.000000	27.916667	-0.007850
487	40.000000	27.083333	-0.008042
488	40.000000	26.250000	-0.008198
489	40.000000	25.416667	-0.008315
490	40.000000	24.583333	-0.008389
491	40.000000	23.750000	-0.008416
492	40.000000	22.916667	-0.008388
493	40.000000	22.083333	-0.008297
494	40.000000	21.250000	-0.008147
495	40.000000	20.416667	-0.008047
496	40.000000	19.583333	-0.007865
497	40.000000	18.750000	-0.007570
498	40.000000	17.916667	-0.007276
499	40.000000	17.083333	-0.007004
500	40.000000	16.250000	-0.006755
501	40.000000	15.416667	-0.006520
502	40.000000	14.583333	-0.006292
503	40.000000	13.750000	-0.006060
504	40.000000	12.916667	-0.005819
505	40.000000	12.083333	-0.005564
506	40.000000	11.250000	-0.005295
507	40.000000	10.416667	-0.005013
508	40.000000	9.583333	-0.004722
509	40.000000	8.750000	-0.004428
510	40.000000	7.916667	-0.004144
511	40.000000	7.083333	-0.003886
512	40.000000	6.250000	-0.003673
513	40.000000	5.416667	-0.003522
514	40.000000	4.583333	-0.003440
515	40.000000	3.750000	-0.003410
516	40.000000	2.916667	-0.003394
517	40.000000	2.083333	-0.003348
518	40.000000	1.250000	-0.003239
519	40.000000	0.416667	-0.003064
520	40.112500	0.000000	-0.001023
521	40.337500	0.000000	-0.001022
522	40.562500	0.000000	-0.001018
523	40.787500	0.000000	-0.001011
524	41.012500	0.000000	-0.001001
525	41.237500	0.000000	-0.000987
526	41.462500	0.000000	-0.000969
527	41.687500	0.000000	-0.000946
528	41.912500	0.000000	-0.000917
529	42.137500	0.000000	-0.000883
530	42.362500	0.000000	-0.000841
531	42.587500	0.000000	-0.000793
532	42.812500	0.000000	-0.000736
533	43.037500	0.000000	-0.000671
534	43.262500	0.000000	-0.000597
535	43.487500	0.000000	-0.000514
536	43.712500	0.000000	-0.000421
537	43.937500	0.000000	-0.000320
538	44.162500	0.000000	-0.000211
539	44.387500	0.000000	-0.000095
540	44.500000	0.416667	0.001847
541	44.500000	1.250000	0.002215
542	44.500000	2.083333	0.002662
543	44.500000	2.916667	0.003138
544	44.500000	3.750000	0.003387
545	44.500000	4.583333	0.003800
546	44.500000	5.416667	0.004282
547	44.500000	6.250000	0.004697
548	44.500000	7.083333	0.005041
549	44.500000	7.916667	0.005329
550	44.500000	8.750000	0.005578
551	44.500000	9.583333	0.005800
552	44.500000	10.416667	0.006007
553	44.500000	11.250000	0.006205
554	44.500000	12.083333	0.006396
555	44.500000	12.916667	0.006581
556	44.500000	13.750000	0.006760
557	44.500000	14.583333	0.006931
558	44.500000	15.416667	0.007087
559	44.500000	16.250000	0.007221
560	44.500000	17.083333	0.007325
561	44.500000	17.916667	0.007388
562	44.500000	18.750000	0.007413
563	44.500000	19.583333	0.007469
564	44.500000	20.416667	0.007581
565	44.500000	21.250000	0.007393
566	44.500000	22.083333	0.007387
567	44.500000	22.916667	0.007415
568	44.500000	23.750000	0.007448
569	44.500000	24.583333	0.007472
570	44.500000	25.416667	0.007477
571	44.500000	26.250000	0.007459
572	44.500000	27.083333	0.007415
573	44.500000	27.916667	0.007342
574	44.500000	28.750000	0.007240
575	44.500000	29.583333	0.007109
576	44.500000	30.416667	0.006949
577	44.500000	31.250000	0.006756
578	44.500000	32.083333	0.006528
579	44.500000	32.916667	0.006259
580	44.500000	33.750000	0.005943
581	44.500000	34.583333	0.005574
582	44.500000	35.416667	0.005150
583	44.500000	36.250000	0.004697
584	44.500000	37.083333	0.004450
585	44.637500	37.500000	-0.000181
586	44.912500	37.500000	-0.000254
587	45.187500	37.500000	-0.000366
588	45.462500	37.500000	-0.000411
589	45.737500	37.500000	-0.000399
590	46.012500	37.500000	-0.000367
591	46.287500	37.500000	-0.000330
592	46.562500	37.500000	-0.000291
593	46.837500	37.500000	-0.000253
594	47.112500	37.500000	-0.000215
595	47.387500	37.500000	-0.000178
596	47.662500	37.500000	-0.000142
597	47.937500	37.500000	-0.000107
598	48.212500	37.500000	-0.000072
599	48.487500	37.500000	-0.000036
600	48.762500	37.500000	0.000006
601	49.037500	37.500000	0.000067
602	49.312500	37.500000	0.000184
603	49.587500	37.500000	0.000368
604	49.862500	37.500000	0.000513
605	50.000000	37.083333	0.000472
606	50.000000	36.250000	0.000791
607	50.000000	35.416667	0.001286
608	50.000000	34.583333	0.001696
609	50.000000	33.750000	0.001993
610	50.000000	32.916667	0.002192
611	50.000000	32.083333	0.002319
612	50.000000	31.250000	0.002397
613	50.000000	30.416667	0.002445
614	50.000000	29.583333	0.002474
615	50.000000	28.750000	0.002493
616	50.000000	27.916667	0.002503
617	50.000000	27.083333	0.002504
618	50.000000	26.250000	0.002495
619	50.000000	25.416667	0.002471
620	50.000000	24.583333	0.002426
621	50.000000	23.750000	0.002357
622	50.000000	22.916667	0.002263
623	50.000000	22.083333	0.002153
624	50.000000	21.250000	0.002062
625	50.000000	20.416667	0.002160
626	50.000000	19.583333	0.001992
627	50.000000	18.750000	0.001934
628	50.000000	17.916667	0.001964
629	50.000000	17.083333	0.002007
630	50.000000	16.250000	0.002050
631	50.000000	15.416667	0.002093
632	50.000000	14.583333	0.002137
633	50.000000	13.750000	0.002184
634	50.000000	12.916667	0.002237
635	50.000000	12.083333	0.002295
636	50.000000	11.250000	0.002357
637	50.000000	10.416667	0.002418
638	50.000000	9.583333	0.002472
639	50.000000	8.750000	0.002508
640	50.000000	7.916667	0.002509
641	50.000000	7.083333	0.002454
642	50.000000	6.250000	0.002316
643	50.000000	5.416667	0.002070
644	50.000000	4.583333	0.001718
645	50.000000	3.750000	0.001402
646	50.000000	2.916667	0.001237
647	50.000000	2.083333	0.000853
648	50.000000	1.250000	0.000522
649	50.000000	0.416667	0.000295
650	50.112500	0.000000	0.000120
651	50.337500	0.000000	0.000024
652	50.562500	0.000000	-0.000064
653	50.787500	0.000000	-0.000143
654	51.012500	0.000000	-0.000212
655	51.237500	0.000000	-0.000270
656	51.462500	0.000000	-0.000318
657	51.687500	0.000000	-0.000354
658	51.912500	0.000000	-0.000380
659	52.137500	0.000000	-0.000395
660	52.362500	0.000000	-0.000400
661	52.587500	0.000000	-0.000395
662	52.812500	0.000000	-0.000381
663	53.037500	0.000000	-0.000357
664	53.262500	0.000000	-0.000325
665	53.487500	0.000000	-0.000284
666	53.712500	0.000000	-0.000235
667	53.937500	0.000000	-0.000179
668	54.162500	0.000000	-0.000116
669	54.387500	0.000000	-0.000048
670	54.500000	0.416667	-0.002115
671	54.500000	1.250000	-0.002082
672	54.500000	2.083333	-0.001937
673	54.500000	2.916667	-0.001710
674	54.500000	3.750000	-0.001561
675	54.500000	4.583333	-0.001342
676	54.500000	5.416667	-0.001139
677	54.500000	6.250000	-0.001038
678	54.500000	7.083333	-0.001035
679	54.500000	7.916667	-0.001107
680	54.500000	8.750000	-0.001226
681	54.500000	9.583333	-0.001370
682	54.500000	10.416667	-0.001521
683	54.500000	11.250000	-0.001671
684	54.500000	12.083333	-0.001813
685	54.500000	12.916667	-0.001947
686	54.500000	13.750000	-0.002073
687	54.500000	14.583333	-0.002195
688	54.500000	15.416667	-0.002319
689	54.500000	16.250000	-0.002450
690	54.500000	17.083333	-0.002591
691	54.500000	17.916667	-0.002742
692	54.500000	18.750000	-0.002889
693	54.500000	19.583333	-0.002981
694	54.500000	20.416667	-0.002990
695	54.500000	21.250000	-0.003095
696	54.500000	22.083333	-0.003070
697	54.500000	22.916667	-0.003003
698	54.500000	23.750000	-0.002917
699	54.500000	24.583333	-0.002816
700	54.500000	25.416667	-0.002700
701	54.500000	26.250000	-0.002565
702	54.500000	27.083333	-0.002409
703	54.500000	27.916667	-0.002229
704	54.500000	28.750000	-0.002026
705	54.500000	29.583333	-0.001803
706	54.500000	30.416667	-0.001564
707	54.500000	31.250000	-0.001318
708	54.500000	32.083333	-0.001077
709	54.500000	32.916667	-0.000861
710	54.500000	33.750000	-0.000697
711	54.500000	34.583333	-0.000613
712	54.500000	35.416667	-0.000629
713	54.500000	36.250000	-0.000735
714	54.500000	37.083333	-0.000785
715	54.637500	37.500000	0.000784
716	54.912500	37.500000	0.000728
717	55.187500	37.500000	0.000653
718	55.462500	37.500000	0.000610
719	55.737500	37.500000	0.000596
720	56.012500	37.500000	0.000591
721	56.287500	37.500000	0.000589
722	56.562500	37.500000	0.000588
723	56.837500	37.500000	0.000587
724	57.112500	37.500000	0.000585
725	57.387500	37.500000	0.000583
726	57.662500	37.500000	0.000581
727	57.937500	37.500000	0.000578
728	58.212500	37.500000	0.000576
729	58.487500	37.500000	0.000574
730	58.762500	37.500000	0.000575
731	59.037500	37.500000	0.000587
732	59.312500	37.500000	0.000626
733	59.587500	37.500000	0.000699
734	59.862500	37.500000	0.000753
735	60.000000	37.083333	0.003139
736	60.000000	36.250000	0.003334
737	60.000000	35.416667	0.003647
738	60.000000	34.583333	0.003971
739	60.000000	33.750000	0.004293
740	60.000000	32.916667	0.004611
741	60.000000	32.083333	0.004924
742	60.000000	31.250000	0.005229
743	60.000000	30.416667	0.005525
744	60.000000	29.583333	0.005809
745	60.000000	28.750000	0.006082
746	60.000000	27.916667	0.006341
747	60.000000	27.083333	0.006587
748	60.000000	26.250000	0.006817
749	60.000000	25.416667	0.007030
750	60.000000	24.583333	0.007222
751	60.000000	23.750000	0.007386
752	60.000000	22.916667	0.007514
753	60.000000	22.083333	0.007597
754	60.000000	21.250000	0.007639
755	60.000000	20.416667	0.007714
756	60.000000	19.583333	0.007599
757	60.000000	18.750000	0.007505
758	60.000000	17.916667	0.007443
759	60.000000	17.083333	0.007387
760	60.000000	16.250000	0.007330
761	60.000000	15.416667	0.007263
762	60.000000	14.583333	0.007176
763	60.000000	13.750000	0.007063
764	60.000000	12.916667	0.006920
765	60.000000	12.083333	0.006746
766	60.000000	11.250000	0.006541
767	60.000000	10.416667	0.006305
768	60.000000	9.583333	0.006043
769	60.000000	8.750000	0.005758
770	60.000000	7.916667	0.005457
771	60.000000	7.083333	0.005149
772	60.000000	6.250000	0.004847
773	60.000000	5.416667	0.004561
774	60.000000	4.583333	0.004302
775	60.000000	3.750000	0.004122
776	60.000000	2.916667	0.004034
777	60.000000	2.083333	0.003799
778	60.000000	1.250000	0.003519
779	60.000000	0.416667	0.003211
780	60.112500	0.000000	0.000483
781	60.337500	0.000000	0.000440
782	60.562500	0.000000	0.000398
783	60.787500	0.000000	0.000357
784	61.012500	0.000000	0.000317
785	61.237500	0.000000	0.000278
786	61.462500	0.000000	0.000239
787	61.687500	0.000000	0.000200
788	61.912500	0.000000	0.000159
789	62.137500	0.000000	0.000117
790	62.362500	0.000000	0.000072
791	62.587500	0.000000	0.000022
792	62.812500	0.000000	-0.000032
793	63.037500	0.000000	-0.000093
794	63.262500	0.000000	-0.000160
795	63.487500	0.000000	-0.000234
796	63.712500	0.000000	-0.000316
797	63.937500	0.000000	-0.000405
798	64.162500	0.000000	-0.000501
799	64.387500	0.000000	-0.000603
800	64.500000	0.416667	-0.002678
801	64.500000	1.250000	-0.003073
802	64.500000	2.083333	-0.003517
803	64.500000	2.916667	-0.003963
804	64.500000	3.750000	-0.004165
805	64.500000	4.583333	-0.004535
806	64.500000	5.416667	-0.004993
807	64.500000	6.250000	-0.005410
808	64.500000	7.083333	-0.005776
809	64.500000	7.916667	-0.006098
810	64.500000	8.750000	-0.006381
811	64.500000	9.583333	-0.006633
812	64.500000	10.416667	-0.006858
813	64.500000	11.250000	-0.007060
814	64.500000	12.083333	-0.007238
815	64.500000	12.916667	-0.007393
816	64.500000	13.750000	-0.007522
817	64.500000	14.583333	-0.007623
818	64.500000	15.416667	-0.007689
819	64.500000	16.250000	-0.007713
820	64.500000	17.083333	-0.007687
821	64.500000	17.916667	-0.007603
822	64.500000	18.750000	-0.007463
823	64.500000	19.583333	-0.007339
824	64.500000	20.416667	-0.007342
825	64.500000	21.250000	-0.007061
826	64.500000	22.083333	-0.006841
827	64.500000	22.916667	-0.006654
828	64.500000	23.750000	-0.006488
829	64.500000	24.583333	-0.006338
830	64.500000	25.416667	-0.006192
831	64.500000	26.250000	-0.006044
832	64.500000	27.083333	-0.005889
833	64.500000	27.916667	-0.005721
834	64.500000	28.750000	-0.005540
835	64.500000	29.583333	-0.005343
836	64.500000	30.416667	-0.005131
837	64.500000	31.250000	-0.004903
838	64.500000	32.083333	-0.004659
839	64.500000	32.916667	-0.004401
840	64.500000	33.750000	-0.004129
841	64.500000	34.583333	-0.003845
842	64.500000	35.416667	-0.003552
843	64.500000	36.250000	-0.003263
844	64.500000	37.083333	-0.003088
845	64.637500	37.500000	0.000649
846	64.912500	37.500000	0.000694
847	65.187500	37.500000	0.000757
848	65.462500	37.500000	0.000787
849	65.737500	37.500000	0.000786
850	66.012500	37.500000	0.000775
851	66.287500	37.500000	0.000760
852	66.562500	37.500000	0.000743
853	66.837500	37.500000	0.000725
854	67.112500	37.500000	0.000706
855	67.387500	37.500000	0.000687
856	67.662500	37.500000	0.000667
857	67.937500	37.500000	0.000646
858	68.212500	37.500000	0.000624
859	68.487500	37.500000	0.000601
860	68.762500	37.500000	0.000574
861	69.037500	37.500000	0.000537
862	69.312500	37.500000	0.000470
863	69.587500	37.500000	0.000369
864	69.862500	37.500000	0.000288
865	70.000000	37.083333	0.000648
866	70.000000	36.250000	0.000543
867	70.000000	35.416667	0.000360
868	70.000000	34.583333	0.000234
869	70.000000	33.750000	0.000179
870	70.000000	32.916667	0.000182
871	70.000000	32.083333	0.000225
872	70.000000	31.250000	0.000291
873	70.000000	30.416667	0.000365
874	70.000000	29.583333	0.000438
875	70.000000	28.750000	0.000503
876	70.000000	27.916667	0.000556
877	70.000000	27.083333	0.000594
878	70.000000	26.250000	0.000614
879	70.000000	25.416667	0.000615
880	70.000000	24.583333	0.000593
881	70.000000	23.750000	0.000544
882	70.000000	22.916667	0.000461
883	70.000000	22.083333	0.000331
884	70.000000	21.250000	0.000136
885	70.000000	20.416667	-0.000167
886	70.000000	19.583333	-0.000240
887	70.000000	18.750000	-0.000489
888	70.000000	17.916667	-0.000788
889	70.000000	17.083333	-0.001050
890	70.000000	16.250000	-0.001266
891	70.000000	15.416667	-0.001440
892	70.000000	14.583333	-0.001583
893	70.000000	13.750000	-0.001702
894	70.000000	12.916667	-0.001805
895	70.000000	12.083333	-0.001896
896	70.000000	11.250000	-0.001974
897	70.000000	10.416667	-0.002039
898	70.000000	9.583333	-0.002083
899	70.000000	8.750000	-0.002096
900	70.000000	7.916667	-0.002063
901	70.000000	7.083333	-0.001960
902	70.000000	6.250000	-0.001762
903	70.000000	5.416667	-0.001448
904	70.000000	4.583333	-0.001020
905	70.000000	3.750000	-0.000627
906	70.000000	2.916667	-0.000386
907	70.000000	2.083333	0.000067
908	70.000000	1.250000	0.000455
909	70.000000	0.416667	0.000725
910	70.112500	0.000000	-0.000386
911	70.337500	0.000000	-0.000275
912	70.562500	0.000000	-0.000172
913	70.787500	0.000000	-0.000079
914	71.012500	0.000000	0.000005
915	71.237500	0.000000	0.000078
916	71.462500	0.000000	0.000139
917	71.687500	0.000000	0.000190
918	71.912500	0.000000	0.000229
919	72.137500	0.000000	0.000258
920	72.362500	0.000000	0.000277
921	72.587500	0.000000	0.000286
922	72.812500	0.000000	0.000285
923	73.037500	0.000000	0.000275
924	73.262500	0.000000	0.000256
925	73.487500	0.000000	0.000228
926	73.712500	0.000000	0.000193
927	73.937500	0.000000	0.000151
928	74.162500	0.000000	0.000102
929	74.387500	0.000000	0.000047
930	74.500000	0.416667	0.000923
931	74.500000	1.250000	0.000934
932	74.500000	2.083333	0.000846
933	74.500000	2.916667	0.000687
934	74.500000	3.750000	0.000612
935	74.500000	4.583333	0.000468
936	74.500000	5.416667	0.000337
937	74.500000	6.250000	0.000299
938	74.500000	7.083333	0.000347
939	74.500000	7.916667	0.000456
940	74.500000	8.750000	0.000595
941	74.500000	9.583333	0.000742
942	74.500000	10.416667	0.000879
943	74.500000	11.250000	0.000996
944	74.500000	12.083333	0.001086
945	74.500000	12.916667	0.001148
946	74.500000	13.750000	0.001181
947	74.500000	14.583333	0.001191
948	74.500000	15.416667	0.001183
949	74.500000	16.250000	0.001168
950	74.500000	17.083333	0.001157
951	74.500000	17.916667	0.001161
952	74.500000	18.750000	0.001179
953	74.500000	19.583333	0.001166
954	74.500000	20.416667	0.001092
955	74.500000	21.250000	0.001126
956	74.500000	22.083333	0.001026
957	74.500000	22.916667	0.000878
958	74.500000	23.750000	0.000707
959	74.500000	24.583333	0.000529
960	74.500000	25.416667	0.000353
961	74.500000	26.250000	0.000182
962	74.500000	27.083333	0.000019
963	74.500000	27.916667	-0.000136
964	74.500000	28.750000	-0.000283
965	74.500000	29.583333	-0.000422
966	74.500000	30.416667	-0.000552
967	74.500000	31.250000	-0.000666
968	74.500000	32.083333	-0.000758
969	74.500000	32.916667	-0.000817
970	74.500000	33.750000	-0.000825
971	74.500000	34.583333	-0.000766
972	74.500000	35.416667	-0.000629
973	74.500000	36.250000	-0.000429
974	74.500000	37.083333	-0.000301
975	74.637500	37.500000	-0.000042
976	74.912500	37.500000	0.000005
977	75.187500	37.500000	0.000072
978	75.462500	37.500000	0.000107
979	75.737500	37.500000	0.000114
980	76.012500	37.500000	0.000111
981	76.287500	37.500000	0.000106
982	76.562500	37.500000	0.000101
983	76.837500	37.500000	0.000096
984	77.112500	37.500000	0.000093
985	77.387500	37.500000	0.000090
986	77.662500	37.500000	0.000089
987	77.937500	37.500000	0.000089
988	78.212500	37.500000	0.000089
989	78.487500	37.500000	0.000089
990	78.762500	37.500000	0.000087
991	79.037500	37.500000	0.000075
992	79.312500	37.500000	0.000036
993	79.587500	37.500000	-0.000035
994	79.862500	37.500000	-0.000087
995	80.000000	37.083333	-0.002435
996	80.000000	36.250000	-0.002593
997	80.000000	35.416667	-0.002867
998	80.000000	34.583333	-0.003149
999	80.000000	33.750000	-0.003425
1000	80.000000	32.916667	-0.003693
1001	80.000000	32.083333	-0.003951
1002	80.000000	31.250000	-0.004199
1003	80.000000	30.416667	-0.004436
1004	80.000000	29.583333	-0.004661
1005	80.000000	28.750000	-0.004873
1006	80.000000	27.916667	-0.005071
1007	80.000000	27.083333	-0.005252
1008	80.000000	26.250000	-0.005417
1009	80.000000	25.416667	-0.005563
1010	80.000000	24.583333	-0.005688
1011	80.000000	23.750000	-0.005792
1012	80.000000	22.916667	-0.005873
1013	80.000000	22.083333	-0.005931
1014	80.000000	21.250000	-0.005975
1015	80.000000	20.416667	-0.006080
1016	80.000000	19.583333	-0.006008
1017	80.000000	18.750000	-0.005953
1018	80.000000	17.916667	-0.005911
1019	80.000000	17.083333	-0.005856
1020	80.000000	16.250000	-0.005784
1021	80.000000	15.416667	-0.005696
1022	80.000000	14.583333	-0.005590
1023	80.000000	13.750000	-0.005465
1024	80.000000	12.916667	-0.005320
1025	80.000000	12.083333	-0.005155
1026	80.000000	11.250000	-0.004969
1027	80.000000	10.416667	-0.004763
1028	80.000000	9.583333	-0.004539
1029	80.000000	8.750000	-0.004299
1030	80.000000	7.916667	-0.004045
1031	80.000000	7.083333	-0.003780
1032	80.000000	6.250000	-0.003505
1033	80.000000	5.416667	-0.003224
1034	80.000000	4.583333	-0.002942
1035	80.000000	3.750000	-0.002719
1036	80.000000	2.916667	-0.002584
1037	80.000000	2.083333	-0.002317
1038	80.000000	1.250000	-0.002033
1039	80.000000	0.416667	-0.001752
1040	80.112500	0.000000	-0.000119
1041	80.337500	0.000000	-0.000064
1042	80.562500	0.000000	-0.000011
1043	80.787500	0.000000	0.000040
1044	81.012500	0.000000	0.000089
1045	81.237500	0.000000	0.000136
1046	81.462500	0.000000	0.000180
1047	81.687500	0.000000	0.000223
1048	81.912500	0.000000	0.000265
1049	82.137500	0.000000	0.000306
1050	82.362500	0.000000	0.000347
1051	82.587500	0.000000	0.000389
1052	82.812500	0.000000	0.000433
1053	83.037500	0.000000	0.000478
1054	83.262500	0.000000	0.000526
1055	83.487500	0.000000	0.000577
1056	83.712500	0.000000	0.000631
1057	83.937500	0.000000	0.000688
1058	84.162500	0.000000	0.000749
1059	84.387500	0.000000	0.000811
1060	84.500000	0.416667	0.001462
1061	84.500000	1.250000	0.001720
1062	84.500000	2.083333	0.001987
1063	84.500000	2.916667	0.002242
1064	84.500000	3.750000	0.002368
1065	84.500000	4.583333	0.002585
1066	84.500000	5.416667	0.002862
1067	84.500000	6.250000	0.003138
1068	84.500000	7.083333	0.003409
1069	84.500000	7.916667	0.003672
1070	84.500000	8.750000	0.003927
1071	84.500000	9.583333	0.004173
1072	84.500000	10.416667	0.004408
1073	84.500000	11.250000	0.004631
1074	84.500000	12.083333	0.004843
1075	84.500000	12.916667	0.005041
1076	84.500000	13.750000	0.005223
1077	84.500000	14.583333	0.005389
1078	84.500000	15.416667	0.005536
1079	84.500000	16.250000	0.005663
1080	84.500000	17.083333	0.005768
1081	84.500000	17.916667	0.005851
1082	84.500000	18.750000	0.005913
1083	84.500000	19.583333	0.005984
1084	84.500000	20.416667	0.006068
1085	84.500000	21.250000	0.005977
1086	84.500000	22.083333	0.005949
1087	84.500000	22.916667	0.005914
1088	84.500000	23.750000	0.005863
1089	84.500000	24.583333	0.005795
1090	84.500000	25.416667	0.005709
1091	84.500000	26.250000	0.005604
1092	84.500000	27.083333	0.005479
1093	84.500000	27.916667	0.005333
1094	84.500000	28.750000	0.005164
1095	84.500000	29.583333	0.004975
1096	84.500000	30.416667	0.004765
1097	84.500000	31.250000	0.004536
1098	84.500000	32.083333	0.004291
1099	84.500000	32.916667	0.004031
1100	84.500000	33.750000	0.003760
1101	84.500000	34.583333	0.003479
1102	84.500000	35.416667	0.003193
1103	84.500000	36.250000	0.002913
1104	84.500000	37.083333	0.002748
1105	84.637500	37.500000	0.000133
1106	84.912500	37.500000	0.000097
1107	85.187500	37.500000	0.000042
1108	85.462500	37.500000	0.000021
1109	85.737500	37.500000	0.000030
1110	86.012500	37.500000	0.000049
1111	86.287500	37.500000	0.000072
1112	86.562500	37.500000	0.000096
1113	86.837500	37.500000	0.000121
1114	87.112500	37.500000	0.000146
1115	87.387500	37.500000	0.000171
1116	87.662500	37.500000	0.000197
1117	87.937500	37.500000	0.000222
1118	88.212500	37.500000	0.000248
1119	88.487500	37.500000	0.000275
1120	88.762500	37.500000	0.000306
1121	89.037500	37.500000	0.000346
1122	89.312500	37.500000	0.000415
1123	89.587500	37.500000	0.000517
1124	89.862500	37.500000	0.000599
1125	90.000000	37.083333	-0.000655
1126	90.000000	36.250000	-0.000567
1127	90.000000	35.416667	-0.000415
1128	90.000000	34.583333	-0.000345
1129	90.000000	33.750000	-0.000366
1130	90.000000	32.916667	-0.000457
1131	90.000000	32.083333	-0.000590
1132	90.000000	31.250000	-0.000737
1133	90.000000	30.416667	-0.000879
1134	90.000000	29.583333	-0.001003
1135	90.000000	28.750000	-0.001101
1136	90.000000	27.916667	-0.001169
1137	90.000000	27.083333	-0.001207
1138	90.000000	26.250000	-0.001218
1139	90.000000	25.416667	-0.001207
1140	90.000000	24.583333	-0.001184
1141	90.000000	23.750000	-0.001159
1142	90.000000	22.916667	-0.001145
1143	90.000000	22.083333	-0.001146
1144	90.000000	21.250000	-0.001146
1145	90.000000	20.416667	-0.001049
1146	90.000000	19.583333	-0.001066
1147	90.000000	18.750000	-0.000997
1148	90.000000	17.916667	-0.000851
1149	90.000000	17.083333	-0.000674
1150	90.000000	16.250000	-0.000486
1151	90.000000	15.416667	-0.000297
1152	90.000000	14.583333	-0.000114
1153	90.000000	13.750000	0.000060
1154	90.000000	12.916667	0.000226
1155	90.000000	12.083333	0.000383
1156	90.000000	11.250000	0.000531
1157	90.000000	10.416667	0.000668
1158	90.000000	9.583333	0.000791
1159	90.000000	8.750000	0.000895
1160	90.000000	7.916667	0.000968
1161	90.000000	7.083333	0.000996
1162	90.000000	6.250000	0.000963
1163	90.000000	5.416667	0.000853
1164	90.000000	4.583333	0.000666
1165	90.000000	3.750000	0.000481
1166	90.000000	2.916667	0.000366
1167	90.000000	2.083333	0.000149
1168	90.000000	1.250000	-0.000024
1169	90.000000	0.416667	-0.000125
1170	90.112500	0.000000	0.001010
1171	90.337500	0.000000	0.000970
1172	90.562500	0.000000	0.000934
1173	90.787500	0.000000	0.000903
1174	91.012500	0.000000	0.000877
1175	91.237500	0.000000	0.000858
1176	91.462500	0.000000	0.000845
1177	91.687500	0.000000	0.000839
1178	91.912500	0.000000	0.000839
1179	92.137500	0.000000	0.000846
1180	92.362500	0.000000	0.000859
1181	92.587500	0.000000	0.000879
1182	92.812500	0.000000	0.000905
1183	93.037500	0.000000	0.000938
1184	93.262500	0.000000	0.000977
1185	93.487500	0.000000	0.001022
1186	93.712500	0.000000	0.001074
1187	93.937500	0.000000	0.001130
1188	94.162500	0.000000	0.001192
1189	94.387500	0.000000	0.001257
1190	94.500000	0.416667	-0.001201
1191	94.500000	1.250000	-0.001156
1192	94.500000	2.083333	-0.001036
1193	94.500000	2.916667	-0.000867
1194	94.500000	3.750000	-0.000795
1195	94.500000	4.583333	-0.000647
1196	94.500000	5.416667	-0.000490
1197	94.500000	6.250000	-0.000400
1198	94.500000	7.083333	-0.000377
1199	94.500000	7.916667	-0.000403
1200	94.500000	8.750000	-0.000460
1201	94.500000	9.583333	-0.000532
1202	94.500000	10.416667	-0.000606
1203	94.500000	11.250000	-0.000675
1204	94.500000	12.083333	-0.000731
1205	94.500000	12.916667	-0.000773
1206	94.500000	13.750000	-0.000797
1207	94.500000	14.583333	-0.000801
1208	94.500000	15.416667	-0.000783
1209	94.500000	16.250000	-0.000739
1210	94.500000	17.083333	-0.000665
1211	94.500000	17.916667	-0.000551
1212	94.500000	18.750000	-0.000384
1213	94.500000	19.583333	-0.000129
1214	94.500000	20.416667	0.000129
1215	94.500000	21.250000	0.000239
1216	94.500000	22.083333	0.000550
1217	94.500000	22.916667	0.000851
1218	94.500000	23.750000	0.001108
1219	94.500000	24.583333	0.001319
1220	94.500000	25.416667	0.001490
1221	94.500000	26.250000	0.001633
1222	94.500000	27.083333	0.001753
1223	94.500000	27.916667	0.001857
1224	94.500000	28.750000	0.001948
1225	94.500000	29.583333	0.002024
1226	94.500000	30.416667	0.002082
1227	94.500000	31.250000	0.002114
1228	94.500000	32.083333	0.002108
1229	94.500000	32.916667	0.002045
1230	94.500000	33.750000	0.001902
1231	94.500000	34.583333	0.001652
1232	94.500000	35.416667	0.001281
1233	94.500000	36.250000	0.000818
1234	94.500000	37.083333	0.000523
1235	94.637500	37.500000	0.000786
1236	94.912500	37.500000	0.000665
1237	95.187500	37.500000	0.000505
1238	95.462500	37.500000	0.000410
1239	95.737500	37.500000	0.000371
1240	96.012500	37.500000	0.000351
1241	96.287500	37.500000	0.000335
1242	96.562500	37.500000	0.000321
1243	96.837500	37.500000	0.000305
1244	97.112500	37.500000	0.000288
1245	97.387500	37.500000	0.000269
1246	97.662500	37.500000	0.000248
1247	97.937500	37.500000	0.000226
1248	98.212500	37.500000	0.000203
1249	98.487500	37.500000	0.000180
1250	98.762500	37.500000	0.000163
1251	99.037500	37.500000	0.000165
1252	99.312500	37.500000	0.000222
1253	99.587500	37.500000	0.000345
1254	99.862500	37.500000	0.000429
1255	100.000000	37.083333	0.004213
1256	100.000000	36.250000	0.004448
1257	100.000000	35.416667	0.004893
1258	100.000000	34.583333	0.005316
1259	100.000000	33.750000	0.005690
1260	100.000000	32.916667	0.006018
1261	100.000000	32.083333	0.006308
1262	100.000000	31.250000	0.006565
1263	100.000000	30.416667	0.006797
1264	100.000000	29.583333	0.007007
1265	100.000000	28.750000	0.007196
1266	100.000000	27.916667	0.007364
1267	100.000000	27.083333	0.007511
1268	100.000000	26.250000	0.007634
1269	100.000000	25.416667	0.007726
1270	100.000000	24.583333	0.007782
1271	100.000000	23.750000	0.007793
1272	100.000000	22.916667	0.007750
1273	100.000000	22.083333	0.007649
1274	100.000000	21.250000	0.007512
1275	100.000000	20.416667	0.007533
1276	100.000000	19.583333	0.007352
1277	100.000000	18.750000	0.007122
1278	100.000000	17.916667	0.006940
1279	100.000000	17.083333	0.006782
1280	100.000000	16.250000	0.006640
1281	100.000000	15.416667	0.006505
1282	100.000000	14.583333	0.006367
1283	100.000000	13.750000	0.006222
1284	100.000000	12.916667	0.006064
1285	100.000000	12.083333	0.005890
1286	100.000000	11.250000	0.005699
1287	100.000000	10.416667	0.005489
1288	100.000000	9.583333	0.005262
1289	100.000000	8.750000	0.005017
1290	100.000000	7.916667	0.004754
1291	100.000000	7.083333	0.004476
1292	100.000000	6.250000	0.004184
1293	100.000000	5.416667	0.003880
1294	100.000000	4.583333	0.003570
1295	100.000000	3.750000	0.003316
1296	100.000000	2.916667	0.003148
1297	100.000000	2.083333	0.002849
1298	100.000000	1.250000	0.002535
1299	100.000000	0.416667	0.002228
1300	100.112500	0.000000	0.001462
1301	100.337500	0.000000	0.001404
1302	100.562500	0.000000	0.001347
1303	100.787500	0.000000	0.001293
1304	101.012500	0.000000	0.001240
1305	101.237500	0.000000	0.001190
1306	101.462500	0.000000	0.001142
1307	101.687500	0.000000	0.001096
1308	101.912500	0.000000	0.001051
1309	102.137500	0.000000	0.001006
1310	102.362500	0.000000	0.000961
1311	102.587500	0.000000	0.000916
1312	102.812500	0.000000	0.000869
1313	103.037500	0.000000	0.000820
1314	103.262500	0.000000	0.000768
1315	103.487500	0.000000	0.000714
1316	103.712500	0.000000	0.000657
1317	103.937500	0.000000	0.000596
1318	104.162500	0.000000	0.000532
1319	104.387500	0.000000	0.000467
1320	104.500000	0.416667	-0.002163
1321	104.500000	1.250000	-0.002495
1322	104.500000	2.083333	-0.002831
1323	104.500000	2.916667	-0.003153
1324	104.500000	3.750000	-0.003345
1325	104.500000	4.583333	-0.003628
1326	104.500000	5.416667	-0.003972
1327	104.500000	6.250000	-0.004318
1328	104.500000	7.083333	-0.004661
1329	104.500000	7.916667	-0.004998
1330	104.500000	8.750000	-0.005328
1331	104.500000	9.583333	-0.005646
1332	104.500000	10.416667	-0.005953
1333	104.500000	11.250000	-0.006245
1334	104.500000	12.083333	-0.006523
1335	104.500000	12.916667	-0.006783
1336	104.500000	13.750000	-0.007025
1337	104.500000	14.583333	-0.007248
1338	104.500000	15.416667	-0.007449
1339	104.500000	16.250000	-0.007622
1340	104.500000	17.083333	-0.007762
1341	104.500000	17.916667	-0.007858
1342	104.500000	18.750000	-0.007906
1343	104.500000	19.583333	-0.007931
1344	104.500000	20.416667	-0.007945
1345	104.500000	21.250000	-0.007776
1346	104.500000	22.083333	-0.007682
1347	104.500000	22.916667	-0.007601
1348	104.500000	23.750000	-0.007524
1349	104.500000	24.583333	-0.007445
1350	104.500000	25.416667	-0.007353
1351	104.500000	26.250000	-0.007242
1352	104.500000	27.083333	-0.007106
1353	104.500000	27.916667	-0.006943
1354	104.500000	28.750000	-0.006752
1355	104.500000	29.583333	-0.006534
1356	104.500000	30.416667	-0.006290
1357	104.500000	31.250000	-0.006024
1358	104.500000	32.083333	-0.005741
1359	104.500000	32.916667	-0.005449
1360	104.500000	33.750000	-0.005157
1361	104.500000	34.583333	-0.004877
1362	104.500000	35.416667	-0.004618
1363	104.500000	36.250000	-0.004393
1364	104.500000	37.083333	-0.004300
1365	104.637500	37.500000	-0.000261
1366	104.912500	37.500000	-0.000252
1367	105.187500	37.500000	-0.000225
1368	105.462500	37.500000	-0.000231
1369	105.737500	37.500000	-0.000266
1370	106.012500	37.500000	-0.000311
1371	106.287500	37.500000	-0.000359
1372	106.562500	37.500000	-0.000408
1373	106.837500	37.500000	-0.000458
1374	107.112500	37.500000	-0.000507
1375	107.387500	37.500000	-0.000556
1376	107.662500	37.500000	-0.000605
1377	107.937500	37.500000	-0.000653
1378	108.212500	37.500000	-0.000701
1379	108.487500	37.500000	-0.000751
1380	108.762500	37.500000	-0.000802
1381	109.037500	37.500000	-0.000864
1382	109.312500	37.500000	-0.000954
1383	109.587500	37.500000	-0.001077
1384	109.862500	37.500000	-0.001181
1385	110.000000	37.083333	0.001977
1386	110.000000	36.250000	0.001785
1387	110.000000	35.416667	0.001533
1388	110.000000	34.583333	0.001368
1389	110.000000	33.750000	0.001308
1390	110.000000	32.916667	0.001336
1391	110.000000	32.083333	0.001425
1392	110.000000	31.250000	0.001549
1393	110.000000	30.416667	0.001691
1394	110.000000	29.583333	0.001839
1395	110.000000	28.750000	0.001984
1396	110.000000	27.916667	0.002125
1397	110.000000	27.083333	0.002262
1398	110.000000	26.250000	0.002398
1399	110.000000	25.416667	0.002536
1400	110.000000	24.583333	0.002682
1401	110.000000	23.750000	0.002840
1402	110.000000	22.916667	0.003012
1403	110.000000	22.083333	0.003187
1404	110.000000	21.250000	0.003340
1405	110.000000	20.416667	0.003370
1406	110.000000	19.583333	0.003496
1407	110.000000	18.750000	0.003528
1408	110.000000	17.916667	0.003485
1409	110.000000	17.083333	0.003412
1410	110.000000	16.250000	0.003318
1411	110.000000	15.416667	0.003203
1412	110.000000	14.583333	0.003064
1413	110.000000	13.750000	0.002899
1414	110.000000	12.916667	0.002706
1415	110.000000	12.083333	0.002485
1416	110.000000	11.250000	0.002240
1417	110.000000	10.416667	0.001974
1418	110.000000	9.583333	0.001694
1419	110.000000	8.750000	0.001414
1420	110.000000	7.916667	0.001149
1421	110.000000	7.083333	0.000925
1422	110.000000	6.250000	0.000771
1423	110.000000	5.416667	0.000713
1424	110.000000	4.583333	0.000757
1425	110.000000	3.750000	0.000822
1426	110.000000	2.916667	0.000826
1427	110.000000	2.083333	0.000923
1428	110.000000	1.250000	0.000956
1429	110.000000	0.416667	0.000896
1430	110.112500	0.000000	0.000151
1431	110.337500	0.000000	0.000180
1432	110.562500	0.000000	0.000204
1433	110.787500	0.000000	0.000220
1434	111.012500	0.000000	0.000230
1435	111.237500	0.000000	0.000231
1436	111.462500	0.000000	0.000223
1437	111.687500	0.000000	0.000206
1438	111.912500	0.000000	0.000180
1439	112.137500	0.000000	0.000144
1440	112.362500	0.000000	0.000098
1441	112.587500	0.000000	0.000041
1442	112.812500	0.000000	-0.000026
1443	113.037500	0.000000	-0.000104
1444	113.262500	0.000000	-0.000194
1445	113.487500	0.000000	-0.000295
1446	113.712500	0.000000	-0.000406
1447	113.937500	0.000000	-0.000528
1448	114.162500	0.000000	-0.000660
1449	114.387500	0.000000	-0.000798
1450	114.500000	0.416667	0.001085
1451	114.500000	1.250000	0.000785
1452	114.500000	2.083333	0.000359
1453	114.500000	2.916667	-0.000141
1454	114.500000	3.750000	-0.000437
1455	114.500000	4.583333	-0.000895
1456	114.500000	5.416667	-0.001398
1457	114.500000	6.250000	-0.001798
1458	114.500000	7.083333	-0.002092
1459	114.500000	7.916667	-0.002302
1460	114.500000	8.750000	-0.002453
1461	114.500000	9.583333	-0.002568
1462	114.500000	10.416667	-0.002660
1463	114.500000	11.250000	-0.002739
1464	114.500000	12.083333	-0.002810
1465	114.500000	12.916667	-0.002872
1466	114.500000	13.750000	-0.002922
1467	114.500000	14.583333	-0.002956
1468	114.500000	15.416667	-0.002966
1469	114.500000	16.250000	-0.002946
1470	114.500000	17.083333	-0.002891
1471	114.500000	17.916667	-0.002803
1472	114.500000	18.750000	-0.002696
1473	114.500000	19.583333	-0.002655
1474	114.500000	20.416667	-0.002710
1475	114.500000	21.250000	-0.002496
1476	114.500000	22.083333	-0.002481
1477	114.500000	22.916667	-0.002503
1478	114.500000	23.750000	-0.002534
1479	114.500000	24.583333	-0.002568
1480	114.500000	25.416667	-0.002605
1481	114.500000	26.250000	-0.002647
1482	114.500000	27.083333	-0.002695
1483	114.500000	27.916667	-0.002749
1484	114.500000	28.750000	-0.002808
1485	114.500000	29.583333	-0.002867
1486	114.500000	30.416667	-0.002924
1487	114.500000	31.250000	-0.002970
1488	114.500000	32.083333	-0.002995
1489	114.500000	32.916667	-0.002979
1490	114.500000	33.750000	-0.002900
1491	114.500000	34.583333	-0.002730
1492	114.500000	35.416667	-0.002452
1493	114.500000	36.250000	-0.002089
1494	114.500000	37.083333	-0.001895
1495	114.637500	37.500000	-0.001793
1496	114.912500	37.500000	-0.001704
1497	115.187500	37.500000	-0.001577
1498	115.462500	37.500000	-0.001517
1499	115.737500	37.500000	-0.001514
1500	116.012500	37.500000	-0.001531
1501	116.287500	37.500000	-0.001554
1502	116.562500	37.500000	-0.001579
1503	116.837500	37.500000	-0.001605
1504	117.112500	37.500000	-0.001630
1505	117.387500	37.500000	-0.001655
1506	117.662500	37.500000	-0.001680
1507	117.937500	37.500000	-0.001704
1508	118.212500	37.500000	-0.001728
1509	118.487500	37.500000	-0.001754
1510	118.762500	37.500000	-0.001786
1511	119.037500	37.500000	-0.001838
1512	119.312500	37.500000	-0.001947
1513	119.587500	37.500000	-0.002122
1514	119.862500	37.500000	-0.002259
1515	120.000000	37.083333	-0.002585
1516	120.000000	36.250000	-0.002867
1517	120.000000	35.416667	-0.003332
1518	120.000000	34.583333	-0.003727
1519	120.000000	33.750000	-0.004030
1520	120.000000	32.916667	-0.004259
1521	120.000000	32.083333	-0.004443
1522	120.000000	31.250000	-0.004605
1523	120.000000	30.416667	-0.004764
1524	120.000000	29.583333	-0.004930
1525	120.000000	28.750000	-0.005111
1526	120.000000	27.916667	-0.005308
1527	120.000000	27.083333	-0.005521
1528	120.000000	26.250000	-0.005747
1529	120.000000	25.416667	-0.005976
1530	120.000000	24.583333	-0.006196
1531	120.000000	23.750000	-0.006389
1532	120.000000	22.916667	-0.006535
1533	120.000000	22.083333	-0.006621
1534	120.000000	21.250000	-0.006665
1535	120.000000	20.416667	-0.006839
1536	120.000000	19.583333	-0.006709
1537	120.000000	18.750000	-0.006686
1538	120.000000	17.916667	-0.006772
1539	120.000000	17.083333	-0.006894
1540	120.000000	16.250000	-0.007027
1541	120.000000	15.416667	-0.007150
1542	120.000000	14.583333	-0.007249
1543	120.000000	13.750000	-0.007314
1544	120.000000	12.916667	-0.007341
1545	120.000000	12.083333	-0.007329
1546	120.000000	11.250000	-0.007277
1547	120.000000	10.416667	-0.007184
1548	120.000000	9.583333	-0.007051
1549	120.000000	8.750000	-0.006876
1550	120.000000	7.916667	-0.006656
1551	120.000000	7.083333	-0.006384
1552	120.000000	6.250000	-0.006055
1553	120.000000	5.416667	-0.005667
1554	120.000000	4.583333	-0.005227
1555	120.000000	3.750000	-0.004868
1556	120.000000	2.916667	-0.004669
1557	120.000000	2.083333	-0.004221
1558	120.000000	1.250000	-0.003769
1559	120.000000	0.416667	-0.003361
1560	120.112500	0.000000	-0.001678
1561	120.337500	0.000000	-0.001598
1562	120.562500	0.000000	-0.001523
1563	120.787500	0.000000	-0.001454
1564	121.012500	0.000000	-0.001391
1565	121.237500	0.000000	-0.001336
1566	121.462500	0.000000	-0.001287
1567	121.687500	0.000000	-0.001244
1568	121.912500	0.000000	-0.001206
1569	122.137500	0.000000	-0.001173
1570	122.362500	0.000000	-0.001143
1571	122.587500	0.000000	-0.001115
1572	122.812500	0.000000	-0.001088
1573	123.037500	0.000000	-0.001062
1574	123.262500	0.000000	-0.001035
1575	123.487500	0.000000	-0.001007
1576	123.712500	0.000000	-0.000977
1577	123.937500	0.000000	-0.000945
1578	124.162500	0.000000	-0.000912
1579	124.387500	0.000000	-0.000876
1580	124.500000	0.416667	0.004023
1581	124.500000	1.250000	0.004385
1582	124.500000	2.083333	0.004721
1583	124.500000	2.916667	0.005010
1584	124.500000	3.750000	0.005152
1585	124.500000	4.583333	0.005386
1586	124.500000	5.416667	0.005698
1587	124.500000	6.250000	0.006034
1588	124.500000	7.083333	0.006385
1589	124.500000	7.916667	0.006739
1590	124.500000	8.750000	0.007082
1591	124.500000	9.583333	0.007407
1592	124.500000	10.416667	0.007705
1593	124.500000	11.250000	0.007969
1594	124.500000	12.083333	0.008197
1595	124.500000	12.916667	0.008383
1596	124.500000	13.750000	0.008524
1597	124.500000	14.583333	0.008613
1598	124.500000	15.416667	0.008643
1599	124.500000	16.250000	0.008604
1600	124.500000	17.083333	0.008482
1601	124.500000	17.916667	0.008262
1602	124.500000	18.750000	0.007931
1603	124.500000	19.583333	0.007530
1604	124.500000	20.416667	0.007253
1605	124.500000	21.250000	0.006841
1606	124.500000	22.083333	0.006290
1607	124.500000	22.916667	0.005783
1608	124.500000	23.750000	0.005347
1609	124.500000	24.583333	0.004973
1610	124.500000	25.416667	0.004647
1611	124.500000	26.250000	0.004351
1612	124.500000	27.083333	0.004073
1613	124.500000	27.916667	0.003803
1614	124.500000	28.750000	0.003536
1615	124.500000	29.583333	0.003271
1616	124.500000	30.416667	0.003011
1617	124.500000	31.250000	0.002763
1618	124.500000	32.083333	0.002541
1619	124.500000	32.916667	0.002363
1620	124.500000	33.750000	0.002254
1621	124.500000	34.583333	0.002240
1622	124.500000	35.416667	0.002340
1623	124.500000	36.250000	0.002536
1624	124.500000	37.083333	0.002678
1625	124.637500	37.500000	-0.002321
1626	124.912500	37.500000	-0.002243
1627	125.187500	37.500000	-0.002143
1628	125.462500	37.500000	-0.002075
1629	125.737500	37.500000	-0.002033
1630	126.012500	37.500000	-0.001998
1631	126.287500	37.500000	-0.001964
1632	126.562500	37.500000	-0.001929
1633	126.837500	37.500000	-0.001891
1634	127.112500	37.500000	-0.001851
1635	127.387500	37.500000	-0.001808
1636	127.662500	37.500000	-0.001763
1637	127.937500	37.500000	-0.001715
1638	128.212500	37.500000	-0.001666
1639	128.487500	37.500000	-0.001615
1640	128.762500	37.500000	-0.001565
1641	129.037500	37.500000	-0.001523
1642	129.312500	37.500000	-0.001507
1643	129.587500	37.500000	-0.001523
1644	129.862500	37.500000	-0.001519
1645	130.000000	37.083333	-0.005046
1646	130.000000	36.250000	-0.005129
1647	130.000000	35.416667	-0.005344
1648	130.000000	34.583333	-0.005592
1649	130.000000	33.750000	-0.005864
1650	130.000000	32.916667	-0.006150
1651	130.000000	32.083333	-0.006438
1652	130.000000	31.250000	-0.006719
1653	130.000000	30.416667	-0.006987
1654	130.000000	29.583333	-0.007236
1655	130.000000	28.750000	-0.007462
1656	130.000000	27.916667	-0.007662
1657	130.000000	27.083333	-0.007832
1658	130.000000	26.250000	-0.007967
1659	130.000000	25.416667	-0.008061
1660	130.000000	24.583333	-0.008105
1661	130.000000	23.750000	-0.008084
1662	130.000000	22.916667	-0.007982
1663	130.000000	22.083333	-0.007784
1664	130.000000	21.250000	-0.007490
1665	130.000000	20.416667	-0.007251
1666	130.000000	19.583333	-0.007042
1667	130.000000	18.750000	-0.006610
1668	130.000000	17.916667	-0.006175
1669	130.000000	17.083333	-0.005799
1670	130.000000	16.250000	-0.005483
1671	130.000000	15.416667	-0.005210
1672	130.000000	14.583333	-0.004961
1673	130.000000	13.750000	-0.004722
1674	130.000000	12.916667	-0.004480
1675	130.000000	12.083333	-0.004229
1676	130.000000	11.250000	-0.003966
1677	130.000000	10.416667	-0.003693
1678	130.000000	9.583333	-0.003416
1679	130.000000	8.750000	-0.003146
1680	130.000000	7.916667	-0.002900
1681	130.000000	7.083333	-0.002702
1682	130.000000	6.250000	-0.002581
1683	130.000000	5.416667	-0.002562
1684	130.000000	4.583333	-0.002648
1685	130.000000	3.750000	-0.002754
1686	130.000000	2.916667	-0.002795
1687	130.000000	2.083333	-0.002919
1688	130.000000	1.250000	-0.002966
1689	130.000000	0.416667	-0.002905
1690	130.112500	0.000000	-0.001240
1691	130.337500	0.000000	-0.001287
1692	130.562500	0.000000	-0.001328
1693	130.787500	0.000000	-0.001361
1694	131.012500	0.000000	-0.001386
1695	131.237500	0.000000	-0.001403
1696	131.462500	0.000000	-0.001410
1697	131.687500	0.000000	-0.001407
1698	131.912500	0.000000	-0.001394
1699	132.137500	0.000000	-0.001371
1700	132.362500	0.000000	-0.001338
1701	132.587500	0.000000	-0.001293
1702	132.812500	0.000000	-0.001237
1703	133.037500	0.000000	-0.001169
1704	133.262500	0.000000	-0.001090
1705	133.487500	0.000000	-0.001000
1706	133.712500	0.000000	-0.000898
1707	133.937500	0.000000	-0.000785
1708	134.162500	0.000000	-0.000663
1709	134.387500	0.000000	-0.000533
1710	134.500000	0.416667	0.001000
1711	134.500000	1.250000	0.001342
1712	134.500000	2.083333	0.001797
1713	134.500000	2.916667	0.002316
1714	134.500000	3.750000	0.002625
1715	134.500000	4.583333	0.003096
1716	134.500000	5.416667	0.003614
1717	134.500000	6.250000	0.004036
1718	134.500000	7.083333	0.004363
1719	134.500000	7.916667	0.004617
1720	134.500000	8.750000	0.004826
1721	134.500000	9.583333	0.005011
1722	134.500000	10.416667	0.005189
1723	134.500000	11.250000	0.005368
1724	134.500000	12.083333	0.005553
1725	134.500000	12.916667	0.005746
1726	134.500000	13.750000	0.005944
1727	134.500000	14.583333	0.006141
1728	134.500000	15.416667	0.006325
1729	134.500000	16.250000	0.006481
1730	134.500000	17.083333	0.006591
1731	134.500000	17.916667	0.006636
1732	134.500000	18.750000	0.006612
1733	134.500000	19.583333	0.006593
1734	134.500000	20.416667	0.006624
1735	134.500000	21.250000	0.006370
1736	134.500000	22.083333	0.006332
1737	134.500000	22.916667	0.006365
1738	134.500000	23.750000	0.006439
1739	134.500000	24.583333	0.006529
1740	134.500000	25.416667	0.006619
1741	134.500000	26.250000	0.006695
1742	134.500000	27.083333	0.006750
1743	134.500000	27.916667	0.006779
1744	134.500000	28.750000	0.006779
1745	134.500000	29.583333	0.006750
1746	134.500000	30.416667	0.006690
1747	134.500000	31.250000	0.006597
1748	134.500000	32.083333	0.006467
1749	134.500000	32.916667	0.006295
1750	134.500000	33.750000	0.006075
1751	134.500000	34.583333	0.005798
1752	134.500000	35.416667	0.005465
1753	134.500000	36.250000	0.005100
1754	134.500000	37.083333	0.004936
1755	134.637500	37.500000	-0.000302
1756	134.912500	37.500000	-0.000342
1757	135.187500	37.500000	-0.000420
1758	135.462500	37.500000	-0.000430
1759	135.737500	37.500000	-0.000384
1760	136.012500	37.500000	-0.000317
1761	136.287500	37.500000	-0.000244
1762	136.562500	37.500000	-0.000170
1763	136.837500	37.500000	-0.000095
1764	137.112500	37.500000	-0.000021
1765	137.387500	37.500000	0.000053
1766	137.662500	37.500000	0.000126
1767	137.937500	37.500000	0.000198
1768	138.212500	37.500000	0.000270
1769	138.487500	37.500000	0.000344
1770	138.762500	37.500000	0.000423
1771	139.037500	37.500000	0.000522
1772	139.312500	37.500000	0.000677
1773	139.587500	37.500000	0.000899
1774	139.862500	37.500000	0.001081
1775	140.000000	37.083333	-0.000157
1776	140.000000	36.250000	0.000246
1777	140.000000	35.416667	0.000830
1778	140.000000	34.583333	0.001332
1779	140.000000	33.750000	0.001725
1780	140.000000	32.916667	0.002021
1781	140.000000	32.083333	0.002246
1782	140.000000	31.250000	0.002423
1783	140.000000	30.416667	0.002571
1784	140.000000	29.583333	0.002702
1785	140.000000	28.750000	0.002822
1786	140.000000	27.916667	0.002935
1787	140.000000	27.083333	0.003037
1788	140.000000	26.250000	0.003127
1789	140.000000	25.416667	0.003195
1790	140.000000	24.583333	0.003233
1791	140.000000	23.750000	0.003229
1792	140.000000	22.916667	0.003174
1793	140.000000	22.083333	0.003067
1794	140.000000	21.250000	0.002942
1795	140.000000	20.416667	0.002974
1796	140.000000	19.583333	0.002725
1797	140.000000	18.750000	0.002597
1798	140.000000	17.916667	0.002584
1799	140.000000	17.083333	0.002616
1800	140.000000	16.250000	0.002677
1801	140.000000	15.416667	0.002756
1802	140.000000	14.583333	0.002845
1803	140.000000	13.750000	0.002937
1804	140.000000	12.916667	0.003029
1805	140.000000	12.083333	0.003115
1806	140.000000	11.250000	0.003192
1807	140.000000	10.416667	0.003256
1808	140.000000	9.583333	0.003299
1809	140.000000	8.750000	0.003316
1810	140.000000	7.916667	0.003295
1811	140.000000	7.083333	0.003221
1812	140.000000	6.250000	0.003077
1813	140.000000	5.416667	0.002849
1814	140.000000	4.583333	0.002542
1815	140.000000	3.750000	0.002290
1816	140.000000	2.916667	0.002190
1817	140.000000	2.083333	0.001851
1818	140.000000	1.250000	0.001530
1819	140.000000	0.416667	0.001276
1820	140.112500	0.000000	0.000235
1821	140.337500	0.000000	0.000159
1822	140.562500	0.000000	0.000089
1823	140.787500	0.000000	0.000026
1824	141.012500	0.000000	-0.000028
1825	141.237500	0.000000	-0.000073
1826	141.462500	0.000000	-0.000109
1827	141.687500	0.000000	-0.000136
1828	141.912500	0.000000	-0.000156
1829	142.137500	0.000000	-0.000167
1830	142.362500	0.000000	-0.000172
1831	142.587500	0.000000	-0.000171
1832	142.812500	0.000000	-0.000164
1833	143.037500	0.000000	-0.000152
1834	143.262500	0.000000	-0.000136
1835	143.487500	0.000000	-0.000116
1836	143.712500	0.000000	-0.000093
1837	143.937500	0.000000	-0.000067
1838	144.162500	0.000000	-0.000039
1839	144.387500	0.000000	-0.000008
1840	144.500000	0.416667	-0.002619
1841	144.500000	1.250000	-0.002707
1842	144.500000	2.083333	-0.002718
1843	144.500000	2.916667	-0.002660
1844	144.500000	3.750000	-0.002562
1845	144.500000	4.583333	-0.002469
1846	144.500000	5.416667	-0.002420
1847	144.500000	6.250000	-0.002431
1848	144.500000	7.083333	-0.002495
1849	144.500000	7.916667	-0.002597
1850	144.500000	8.750000	-0.002718
1851	144.500000	9.583333	-0.002843
1852	144.500000	10.416667	-0.002961
1853	144.500000	11.250000	-0.003068
1854	144.500000	12.083333	-0.003161
1855	144.500000	12.916667	-0.003240
1856	144.500000	13.750000	-0.003308
1857	144.500000	14.583333	-0.003367
1858	144.500000	15.416667	-0.003418
1859	144.500000	16.250000	-0.003463
1860	144.500000	17.083333	-0.003498
1861	144.500000	17.916667	-0.003514
1862	144.500000	18.750000	-0.003498
1863	144.500000	19.583333	-0.003437
1864	144.500000	20.416667	-0.003412
1865	144.500000	21.250000	-0.003374
1866	144.500000	22.083333	-0.003201
1867	144.500000	22.916667	-0.003022
1868	144.500000	23.750000	-0.002857
1869	144.500000	24.583333	-0.002702
1870	144.500000	25.416667	-0.002546
1871	144.500000	26.250000	-0.002379
1872	144.500000	27.083333	-0.002195
1873	144.500000	27.916667	-0.001988
1874	144.500000	28.750000	-0.001757
1875	144.500000	29.583333	-0.001505
1876	144.500000	30.416667	-0.001233
1877	144.500000	31.250000	-0.000950
1878	144.500000	32.083333	-0.000667
1879	144.500000	32.916667	-0.000405
1880	144.500000	33.750000	-0.000187
1881	144.500000	34.583333	-0.000043
1882	144.500000	35.416667	0.000003
1883	144.500000	36.250000	-0.000037
1884	144.500000	37.083333	-0.000022
1885	144.637500	37.500000	0.001974
1886	144.912500	37.500000	0.001950
1887	145.187500	37.500000	0.001905
1888	145.462500	37.500000	0.001892
1889	145.737500	37.500000	0.001907
1890	146.012500	37.500000	0.001931
1891	146.287500	37.500000	0.001956
1892	146.562500	37.500000	0.001981
1893	146.837500	37.500000	0.002006
1894	147.112500	37.500000	0.002029
1895	147.387500	37.500000	0.002051
1896	147.662500	37.500000	0.002071
1897	147.937500	37.500000	0.002090
1898	148.212500	37.500000	0.002109
1899	148.487500	37.500000	0.002127
1900	148.762500	37.500000	0.002147
1901	149.037500	37.500000	0.002176
1902	149.312500	37.500000	0.002232
1903	149.587500	37.500000	0.002321
1904	149.862500	37.500000	0.002389
1905	150.000000	37.083333	0.002221
1906	150.000000	36.250000	0.002441
1907	150.000000	35.416667	0.002764
1908	150.000000	34.583333	0.003071
1909	150.000000	33.750000	0.003351
1910	150.000000	32.916667	0.003609
1911	150.000000	32.083333	0.003854
1912	150.000000	31.250000	0.004092
1913	150.000000	30.416667	0.004325
1914	150.000000	29.583333	0.004557
1915	150.000000	28.750000	0.004787
1916	150.000000	27.916667	0.005014
1917	150.000000	27.083333	0.005235
1918	150.000000	26.250000	0.005445
1919	150.000000	25.416667	0.005635
1920	150.000000	24.583333	0.005790
1921	150.000000	23.750000	0.005889
1922	150.000000	22.916667	0.005905
1923	150.000000	22.083333	0.005814
1924	150.000000	21.250000	0.005618
1925	150.000000	20.416667	0.005447
1926	150.000000	19.583333	0.005205
1927	150.000000	18.750000	0.004898
1928	150.000000	17.916667	0.004655
1929	150.000000	17.083333	0.004490
1930	150.000000	16.250000	0.004389
1931	150.000000	15.416667	0.004325
1932	150.000000	14.583333	0.004273
1933	150.000000	13.750000	0.004215
1934	150.000000	12.916667	0.004140
1935	150.000000	12.083333	0.004041
1936	150.000000	11.250000	0.003918
1937	150.000000	10.416667	0.003770
1938	150.000000	9.583333	0.003603
1939	150.000000	8.750000	0.003426
1940	150.000000	7.916667	0.003249
1941	150.000000	7.083333	0.003090
1942	150.000000	6.250000	0.002969
1943	150.000000	5.416667	0.002904
1944	150.000000	4.583333	0.002901
1945	150.000000	3.750000	0.002945
1946	150.000000	2.916667	0.002998
1947	150.000000	2.083333	0.003017
1948	150.000000	1.250000	0.002971
1949	150.000000	0.416667	0.002854
1950	150.112500	0.000000	0.000866
1951	150.337500	0.000000	0.000886
1952	150.562500	0.000000	0.000904
1953	150.787500	0.000000	0.000919
1954	151.012500	0.000000	0.000930
1955	151.237500	0.000000	0.000937
1956	151.462500	0.000000	0.000940
1957	151.687500	0.000000	0.000937
1958	151.912500	0.000000	0.000929
1959	152.137500	0.000000	0.000915
1960	152.362500	0.000000	0.000893
1961	152.587500	0.000000	0.000864
1962	152.812500	0.000000	0.000827
1963	153.037500	0.000000	0.000781
1964	153.262500	0.000000	0.000725
1965	153.487500	0.000000	0.000660
1966	153.712500	0.000000	0.000585
1967	153.937500	0.000000	0.000501
1968	154.162500	0.000000	0.000409
1969	154.387500	0.000000	0.000309
1970	154.500000	0.416667	-0.001866
1971	154.500000	1.250000	-0.002180
1972	154.500000	2.083333	-0.002574
1973	154.500000	2.916667	-0.003000
1974	154.500000	3.750000	-0.003198
1975	154.500000	4.583333	-0.003559
1976	154.500000	5.416667	-0.003986
1977	154.500000	6.250000	-0.004343
1978	154.500000	7.083333	-0.004624
1979	154.500000	7.916667	-0.004846
1980	154.500000	8.750000	-0.005025
1981	154.500000	9.583333	-0.005178
1982	154.500000	10.416667	-0.005314
1983	154.500000	11.250000	-0.005442
1984	154.500000	12.083333	-0.005563
1985	154.500000	12.916667	-0.005677
1986	154.500000	13.750000	-0.005779
1987	154.500000	14.583333	-0.005862
1988	154.500000	15.416667	-0.005909
1989	154.500000	16.250000	-0.005902
1990	154.500000	17.083333	-0.005813
1991	154.500000	17.916667	-0.005619
1992	154.500000	18.750000	-0.005307
1993	154.500000	19.583333	-0.004961
1994	154.500000	20.416667	-0.004805
1995	154.500000	21.250000	-0.004413
1996	154.500000	22.083333	-0.004018
1997	154.500000	22.916667	-0.003718
1998	154.500000	23.750000	-0.003512
1999	154.500000	24.583333	-0.003375
2000	154.500000	25.416667	-0.003283
2001	154.500000	26.250000	-0.003212
2002	154.500000	27.083333	-0.003147
2003	154.500000	27.916667	-0.003078
2004	154.500000	28.750000	-0.002998
2005	154.500000	29.583333	-0.002906
2006	154.500000	30.416667	-0.002801
2007	154.500000	31.250000	-0.002685
2008	154.500000	32.083333	-0.002561
2009	154.500000	32.916667	-0.002436
2010	154.500000	33.750000	-0.002318
2011	154.500000	34.583333	-0.002218
2012	154.500000	35.416667	-0.002142
2013	154.500000	36.250000	-0.002092
2014	154.500000	37.083333	-0.002056
2015	154.637500	37.500000	0.002323
2016	154.912500	37.500000	0.002301
2017	155.187500	37.500000	0.002278
2018	155.462500	37.500000	0.002253
2019	155.737500	37.500000	0.002226
2020	156.012500	37.500000	0.002198
2021	156.287500	37.500000	0.002167
2022	156.562500	37.500000	0.002135
2023	156.837500	37.500000	0.002101
2024	157.112500	37.500000	0.002066
2025	157.387500	37.500000	0.002028
2026	157.662500	37.500000	0.001989
2027	157.937500	37.500000	0.001949
2028	158.212500	37.500000	0.001907
2029	158.487500	37.500000	0.001863
2030	158.762500	37.500000	0.001818
2031	159.037500	37.500000	0.001771
2032	159.312500	37.500000	0.001723
2033	159.587500	37.500000	0.001674
2034	159.862500	37.500000	0.001624
2035	160.000000	37.083333	0.001731
2036	160.000000	36.250000	0.001716
2037	160.000000	35.416667	0.001698
2038	160.000000	34.583333	0.001681
2039	160.000000	33.750000	0.001666
2040	160.000000	32.916667	0.001653
2041	160.000000	32.083333	0.001643
2042	160.000000	31.250000	0.001635
2043	160.000000	30.416667	0.001626
2044	160.000000	29.583333	0.001614
2045	160.000000	28.750000	0.001596
2046	160.000000	27.916667	0.001568
2047	160.000000	27.083333	0.001526
2048	160.000000	26.250000	0.001466
2049	160.000000	25.416667	0.001380
2050	160.000000	24.583333	0.001256
2051	160.000000	23.750000	0.001081
2052	160.000000	22.916667	0.000838
2053	160.000000	22.083333	0.000512
2054	160.000000	21.250000	0.000100
2055	160.000000	20.416667	-0.000313
2056	160.000000	19.583333	-0.000510
2057	160.000000	18.750000	-0.000938
2058	160.000000	17.916667	-0.001380
2059	160.000000	17.083333	-0.001748
2060	160.000000	16.250000	-0.002043
2061	160.000000	15.416667	-0.002276
2062	160.000000	14.583333	-0.002461
2063	160.000000	13.750000	-0.002610
2064	160.000000	12.916667	-0.002729
2065	160.000000	12.083333	-0.002821
2066	160.000000	11.250000	-0.002887
2067	160.000000	10.416667	-0.002923
2068	160.000000	9.583333	-0.002927
2069	160.000000	8.750000	-0.002889
2070	160.000000	7.916667	-0.002799
2071	160.000000	7.083333	-0.002643
2072	160.000000	6.250000	-0.002405
2073	160.000000	5.416667	-0.002072
2074	160.000000	4.583333	-0.001652
2075	160.000000	3.750000	-0.001287
2076	160.000000	2.916667	-0.001079
2077	160.000000	2.083333	-0.000640
2078	160.000000	1.250000	-0.000236
2079	160.000000	0.416667	0.000082
2080	160.112500	0.000000	0.000347
2081	160.337500	0.000000	0.000450
2082	160.562500	0.000000	0.000547
2083	160.787500	0.000000	0.000635
2084	161.012500	0.000000	0.000715
2085	161.237500	0.000000	0.000785
2086	161.462500	0.000000	0.000846
2087	161.687500	0.000000	0.000898
2088	161.912500	0.000000	0.000941
2089	162.137500	0.000000	0.000977
2090	162.362500	0.000000	0.001005
2091	162.587500	0.000000	0.001026
2092	162.812500	0.000000	0.001042
2093	163.037500	0.000000	0.001052
2094	163.262500	0.000000	0.001058
2095	163.487500	0.000000	0.001059
2096	163.712500	0.000000	0.001057
2097	163.937500	0.000000	0.001052
2098	164.162500	0.000000	0.001045
2099	164.387500	0.000000	0.001034
2100	164.500000	0.416667	0.000856
2101	164.500000	1.250000	0.000967
2102	164.500000	2.083333	0.001023
2103	164.500000	2.916667	0.001025
2104	164.500000	3.750000	0.000996
2105	164.500000	4.583333	0.000973
2106	164.500000	5.416667	0.000985
2107	164.500000	6.250000	0.001042
2108	164.500000	7.083333	0.001134
2109	164.500000	7.916667	0.001239
2110	164.500000	8.750000	0.001340
2111	164.500000	9.583333	0.001420
2112	164.500000	10.416667	0.001469
2113	164.500000	11.250000	0.001484
2114	164.500000	12.083333	0.001461
2115	164.500000	12.916667	0.001403
2116	164.500000	13.750000	0.001311
2117	164.500000	14.583333	0.001192
2118	164.500000	15.416667	0.001057
2119	164.500000	16.250000	0.000920
2120	164.500000	17.083333	0.000800
2121	164.500000	17.916667	0.000719
2122	164.500000	18.750000	0.000690
2123	164.500000	19.583333	0.000707
2124	164.500000	20.416667	0.000742
2125	164.500000	21.250000	0.000757
2126	164.500000	22.083333	0.000722
2127	164.500000	22.916667	0.000632
2128	164.500000	23.750000	0.000497
2129	164.500000	24.583333	0.000336
2130	164.500000	25.416667	0.000166
2131	164.500000	26.250000	-0.000001
2132	164.500000	27.083333	-0.000159
2133	164.500000	27.916667	-0.000303
2134	164.500000	28.750000	-0.000434
2135	164.500000	29.583333	-0.000552
2136	164.500000	30.416667	-0.000660
2137	164.500000	31.250000	-0.000758
2138	164.500000	32.083333	-0.000848
2139	164.500000	32.916667	-0.000932
2140	164.500000	33.750000	-0.001010
2141	164.500000	34.583333	-0.001083
2142	164.500000	35.416667	-0.001150
2143	164.500000	36.250000	-0.001212
2144	164.500000	37.083333	-0.001266
2145	164.637500	37.500000	0.000683
2146	164.912500	37.500000	0.000631
2147	165.187500	37.500000	0.000580
2148	165.462500	37.500000	0.000529
2149	165.737500	37.500000	0.000480
2150	166.012500	37.500000	0.000432
2151	166.287500	37.500000	0.000384
2152	166.562500	37.500000	0.000338
2153	166.837500	37.500000	0.000293
2154	167.112500	37.500000	0.000250
2155	167.387500	37.500000	0.000207
2156	167.662500	37.500000	0.000166
2157	167.937500	37.500000	0.000126
2158	168.212500	37.500000	0.000087
2159	168.487500	37.500000	0.000050
2160	168.762500	37.500000	0.000014
2161	169.037500	37.500000	-0.000021
2162	169.312500	37.500000	-0.000054
2163	169.587500	37.500000	-0.000086
2164	169.862500	37.500000	-0.000117
2165	170.000000	37.083333	0.000573
2166	170.000000	36.250000	0.000485
2167	170.000000	35.416667	0.000392
2168	170.000000	34.583333	0.000293
2169	170.000000	33.750000	0.000189
2170	170.000000	32.916667	0.000081
2171	170.000000	32.083333	-0.000029
2172	170.000000	31.250000	-0.000141
2173	170.000000	30.416667	-0.000253
2174	170.000000	29.583333	-0.000363
2175	170.000000	28.750000	-0.000469
2176	170.000000	27.916667	-0.000568
2177	170.000000	27.083333	-0.000658
2178	170.000000	26.250000	-0.000733
2179	170.000000	25.416667	-0.000792
2180	170.000000	24.583333	-0.000831
2181	170.000000	23.750000	-0.000847
2182	170.000000	22.916667	-0.000839
2183	170.000000	22.083333	-0.000807
2184	170.000000	21.250000	-0.000755
2185	170.000000	20.416667	-0.000688
2186	170.000000	19.583333	-0.000611
2187	170.000000	18.750000	-0.000532
2188	170.000000	17.916667	-0.000456
2189	170.000000	17.083333	-0.000389
2190	170.000000	16.250000	-0.000334
2191	170.000000	15.416667	-0.000291
2192	170.000000	14.583333	-0.000260
2193	170.000000	13.750000	-0.000238
2194	170.000000	12.916667	-0.000225
2195	170.000000	12.083333	-0.000217
2196	170.000000	11.250000	-0.000215
2197	170.000000	10.416667	-0.000217
2198	170.000000	9.583333	-0.000225
2199	170.000000	8.750000	-0.000240
2200	170.000000	7.916667	-0.000265
2201	170.000000	7.083333	-0.000299
2202	170.000000	6.250000	-0.000345
2203	170.000000	5.416667	-0.000400
2204	170.000000	4.583333	-0.000463
2205	170.000000	3.750000	-0.000527
2206	170.000000	2.916667	-0.000588
2207	170.000000	2.083333	-0.000639
2208	170.000000	1.250000	-0.000675
2209	170.000000	0.416667	-0.000693
2210	170.112500	0.000000	0.000520
2211	170.337500	0.000000	0.000500
2212	170.562500	0.000000	0.000480
2213	170.787500	0.000000	0.000460
2214	171.012500	0.000000	0.000441
2215	171.237500	0.000000	0.000422
2216	171.462500	0.000000	0.000403
2217	171.687500	0.000000	0.000385
2218	171.912500	0.000000	0.000367
2219	172.137500	0.000000	0.000350
2220	172.362500	0.000000	0.000333
2221	172.587500	0.000000	0.000316
2222	172.812500	0.000000	0.000300
2223	173.037500	0.000000	0.000284
2224	173.262500	0.000000	0.000268
2225	173.487500	0.000000	0.000253
2226	173.712500	0.000000	0.000238
2227	173.937500	0.000000	0.000224
2228	174.162500	0.000000	0.000210
2229	174.387500	0.000000	0.000196
2230	174.500000	0.416667	0.000415
2231	174.500000	1.250000	0.000373
2232	174.500000	2.083333	0.000322
2233	174.500000	2.916667	0.000264
2234	174.500000	3.750000	0.000201
2235	174.500000	4.583333	0.000137
2236	174.500000	5.416667	0.000075
2237	174.500000	6.250000	0.000016
2238	174.500000	7.083333	-0.000037
2239	174.500000	7.916667	-0.000081
2240	174.500000	8.750000	-0.000115
2241	174.500000	9.583333	-0.000139
2242	174.500000	10.416667	-0.000151
2243	174.500000	11.250000	-0.000151
2244	174.500000	12.083333	-0.000138
2245	174.500000	12.916667	-0.000114
2246	174.500000	13.750000	-0.000077
2247	174.500000	14.583333	-0.000029
2248	174.500000	15.416667	0.000030
2249	174.500000	16.250000	0.000099
2250	174.500000	17.083333	0.000175
2251	174.500000	17.916667	0.000257
2252	174.500000	18.750000	0.000343
2253	174.500000	19.583333	0.000429
2254	174.500000	20.416667	0.000511
2255	174.500000	21.250000	0.000588
2256	174.500000	22.083333	0.000655
2257	174.500000	22.916667	0.000711
2258	174.500000	23.750000	0.000753
2259	174.500000	24.583333	0.000780
2260	174.500000	25.416667	0.000790
2261	174.500000	26.250000	0.000785
2262	174.500000	27.083333	0.000765
2263	174.500000	27.916667	0.000731
2264	174.500000	28.750000	0.000684
2265	174.500000	29.583333	0.000626
2266	174.500000	30.416667	0.000558
2267	174.500000	31.250000	0.000483
2268	174.500000	32.083333	0.000402
2269	174.500000	32.916667	0.000317
2270	174.500000	33.750000	0.000230
2271	174.500000	34.583333	0.000141
2272	174.500000	35.416667	0.000052
2273	174.500000	36.250000	-0.000035
2274	174.500000	37.083333	-0.000120
2275	174.637500	37.500000	-0.000460
2276	174.912500	37.500000	-0.000470
2277	175.187500	37.500000	-0.000480
2278	175.462500	37.500000	-0.000489
2279	175.737500	37.500000	-0.000497
2280	176.012500	37.500000	-0.000504
2281	176.287500	37.500000	-0.000510
2282	176.562500	37.500000	-0.000516
2283	176.837500	37.500000	-0.000521
2284	177.112500	37.500000	-0.000526
2285	177.387500	37.500000	-0.000530
2286	177.662500	37.500000	-0.000533
2287	177.937500	37.500000	-0.000536
2288	178.212500	37.500000	-0.000538
2289	178.487500	37.500000	-0.000540
2290	178.762500	37.500000	-0.000542
2291	179.037500	37.500000	-0.000542
2292	179.312500	37.500000	-0.000543
2293	179.587500	37.500000	-0.000543
2294	179.862500	37.500000	-0.000543
2295	180.000000	37.083333	-0.000202
2296	180.000000	36.250000	-0.000265
2297	180.000000	35.416667	-0.000327
2298	180.000000	34.583333	-0.000387
2299	180.000000	33.750000	-0.000443
2300	180.000000	32.916667	-0.000495
2301	180.000000	32.083333	-0.000542
2302	180.000000	31.250000	-0.000583
2303	180.000000	30.416667	-0.000617
2304	180.000000	29.583333	-0.000643
2305	180.000000	28.750000	-0.000660
2306	180.000000	27.916667	-0.000668
2307	180.000000	27.083333	-0.000666
2308	180.000000	26.250000	-0.000655
2309	180.000000	25.416667	-0.000633
2310	180.000000	24.583333	-0.000601
2311	180.000000	23.750000	-0.000560
2312	180.000000	22.916667	-0.000510
2313	180.000000	22.083333	-0.000453
2314	180.000000	21.250000	-0.000390
2315	180.000000	20.416667	-0.000322
2316	180.000000	19.583333	-0.000251
2317	180.000000	18.750000	-0.000179
2318	180.000000	17.916667	-0.000108
2319	180.000000	17.083333	-0.000038
2320	180.000000	16.250000	0.000027
2321	180.000000	15.416667	0.000087
2322	180.000000	14.583333	0.000139
2323	180.000000	13.750000	0.000184
2324	180.000000	12.916667	0.000221
2325	180.000000	12.083333	0.000247
2326	180.000000	11.250000	0.000264
2327	180.000000	10.416667	0.000271
2328	180.000000	9.583333	0.000268
2329	180.000000	8.750000	0.000256
2330	180.000000	7.916667	0.000235
2331	180.000000	7.083333	0.000206
2332	180.000000	6.250000	0.000171
2333	180.000000	5.416667	0.000131
2334	180.000000	4.583333	0.000086
2335	180.000000	3.750000	0.000039
2336	180.000000	2.916667	-0.000009
2337	180.000000	2.083333	-0.000057
2338	180.000000	1.250000	-0.000103
2339	180.000000	0.416667	-0.000146
2340	180.112500	0.000000	-0.000037
2341	180.337500	0.000000	-0.000043
2342	180.562500	0.000000	-0.000048
2343	180.787500	0.000000	-0.000053
2344	181.012500	0.000000	-0.000058
2345	181.237500	0.000000	-0.000062
2346	181.462500	0.000000	-0.000067
2347	181.687500	0.000000	-0.000071
2348	181.912500	0.000000	-0.000075
2349	182.137500	0.000000	-0.000079
2350	182.362500	0.000000	-0.000083
2351	182.587500	0.000000	-0.000086
2352	182.812500	0.000000	-0.000090
2353	183.037500	0.000000	-0.000093
2354	183.262500	0.000000	-0.000096
2355	183.487500	0.000000	-0.000099
2356	183.712500	0.000000	-0.000102
2357	183.937500	0.000000	-0.000104
2358	184.162500	0.000000	-0.000107
2359	184.387500	0.000000	-0.000109
2360	184.500000	0.416667	0.000007
2361	184.500000	1.250000	-0.000028
2362	184.500000	2.083333	-0.000064
2363	184.500000	2.916667	-0.000100
2364	184.500000	3.750000	-0.000134
2365	184.500000	4.583333	-0.000167
2366	184.500000	5.416667	-0.000197
2367	184.500000	6.250000	-0.000223
2368	184.500000	7.083333	-0.000245
2369	184.500000	7.916667	-0.000261
2370	184.500000	8.750000	-0.000271
2371	184.500000	9.583333	-0.000275
2372	184.500000	10.416667	-0.000272
2373	184.500000	11.250000	-0.000262
2374	184.500000	12.083333	-0.000245
2375	184.500000	12.916667	-0.000221
2376	184.500000	13.750000	-0.000190
2377	184.500000	14.583333	-0.000153
2378	184.500000	15.416667	-0.000110
2379	184.500000	16.250000	-0.000062
2380	184.500000	17.083333	-0.000011
2381	184.500000	17.916667	0.000044
2382	184.500000	18.750000	0.000101
2383	184.500000	19.583333	0.000158
2384	184.500000	20.416667	0.000216
2385	184.500000	21.250000	0.000271
2386	184.500000	22.083333	0.000325
2387	184.500000	22.916667	0.000375
2388	184.500000	23.750000	0.000420
2389	184.500000	24.583333	0.000460
2390	184.500000	25.416667	0.000495
2391	184.500000	26.250000	0.000523
2392	184.500000	27.083333	0.000544
2393	184.500000	27.916667	0.000559
2394	184.500000	28.750000	0.000566
2395	184.500000	29.583333	0.000566
2396	184.500000	30.416667	0.000560
2397	184.500000	31.250000	0.000547
2398	184.500000	32.083333	0.000528
2399	184.500000	32.916667	0.000504
2400	184.500000	33.750000	0.000474
2401	184.500000	34.583333	0.000440
2402	184.500000	35.416667	0.000403
2403	184.500000	36.250000	0.000362
2404	184.500000	37.083333	0.000318
2405	184.637500	37.500000	-0.000495
2406	184.912500	37.500000	-0.000490
2407	185.187500	37.500000	-0.000486
2408	185.462500	37.500000	-0.000481
2409	185.737500	37.500000	-0.000477
2410	186.012500	37.500000	-0.000472
2411	186.287500	37.500000	-0.000467
2412	186.562500	37.500000	-0.000462
2413	186.837500	37.500000	-0.000458
2414	187.112500	37.500000	-0.000453
2415	187.387500	37.500000	-0.000448
2416	187.662500	37.500000	-0.000443
2417	187.937500	37.500000	-0.000438
2418	188.212500	37.500000	-0.000433
2419	188.487500	37.500000	-0.000428
2420	188.762500	37.500000	-0.000423
2421	189.037500	37.500000	-0.000418
2422	189.312500	37.500000	-0.000413
2423	189.587500	37.500000	-0.000408
2424	189.862500	37.500000	-0.000403
2425	190.000000	37.083333	-0.000355
2426	190.000000	36.250000	-0.000380
2427	190.000000	35.416667	-0.000402
2428	190.000000	34.583333	-0.000420
2429	190.000000	33.750000	-0.000436
2430	190.000000	32.916667	-0.000448
2431	190.000000	32.083333	-0.000455
2432	190.000000	31.250000	-0.000459
2433	190.000000	30.416667	-0.000458
2434	190.000000	29.583333	-0.000452
2435	190.000000	28.750000	-0.000442
2436	190.000000	27.916667	-0.000428
2437	190.000000	27.083333	-0.000409
2438	190.000000	26.250000	-0.000386
2439	190.000000	25.416667	-0.000358
2440	190.000000	24.583333	-0.000327
2441	190.000000	23.750000	-0.000293
2442	190.000000	22.916667	-0.000256
2443	190.000000	22.083333	-0.000216
2444	190.000000	21.250000	-0.000175
2445	190.000000	20.416667	-0.000133
2446	190.000000	19.583333	-0.000090
2447	190.000000	18.750000	-0.000048
2448	190.000000	17.916667	-0.000006
2449	190.000000	17.083333	0.000034
2450	190.000000	16.250000	0.000072
2451	190.000000	15.416667	0.000107
2452	190.000000	14.583333	0.000140
2453	190.000000	13.750000	0.000168
2454	190.000000	12.916667	0.000193
2455	190.000000	12.083333	0.000213
2456	190.000000	11.250000	0.000229
2457	190.000000	10.416667	0.000240
2458	190.000000	9.583333	0.000246
2459	190.000000	8.750000	0.000248
2460	190.000000	7.916667	0.000246
2461	190.000000	7.083333	0.000239
2462	190.000000	6.250000	0.000229
2463	190.000000	5.416667	0.000215
2464	190.000000	4.583333	0.000199
2465	190.000000	3.750000	0.000179
2466	190.000000	2.916667	0.000158
2467	190.000000	2.083333	0.000135
2468	190.000000	1.250000	0.000111
2469	190.000000	0.416667	0.000086
2470	190.112500	0.000000	-0.000136
2471	190.337500	0.000000	-0.000137
2472	190.562500	0.000000	-0.000137
2473	190.787500	0.000000	-0.000137
2474	191.012500	0.000000	-0.000137
2475	191.237500	0.000000	-0.000137
2476	191.462500	0.000000	-0.000137
2477	191.687500	0.000000	-0.000136
2478	191.912500	0.000000	-0.000136
2479	192.137500	0.000000	-0.000136
2480	192.362500	0.000000	-0.000136
2481	192.587500	0.000000	-0.000136
2482	192.812500	0.000000	-0.000135
2483	193.037500	0.000000	-0.000135
2484	193.262500	0.000000	-0.000135
2485	193.487500	0.000000	-0.000134
2486	193.712500	0.000000	-0.000134
2487	193.937500	0.000000	-0.000133
2488	194.162500	0.000000	-0.000133
2489	194.387500	0.000000	-0.000132
2490	194.500000	0.416667	-0.000122
2491	194.500000	1.250000	-0.000139
2492	194.500000	2.083333	-0.000156
2493	194.500000	2.916667	-0.000171
2494	194.500000	3.750000	-0.000185
2495	194.500000	4.583333	-0.000197
2496	194.500000	5.416667	-0.000207
2497	194.500000	6.250000	-0.000214
2498	194.500000	7.083333	-0.000219
2499	194.500000	7.916667	-0.000221
2500	194.500000	8.750000	-0.000219
2501	194.500000	9.583333	-0.000215
2502	194.500000	10.416667	-0.000207
2503	194.500000	11.250000	-0.000196
2504	194.500000	12.083333	-0.000182
2505	194.500000	12.916667	-0.000165
2506	194.500000	13.750000	-0.000145
2507	194.500000	14.583333	-0.000122
2508	194.500000	15.416667	-0.000096
2509	194.500000	16.250000	-0.000069
2510	194.500000	17.083333	-0.000039
2511	194.500000	17.916667	-0.000008
2512	194.500000	18.750000	0.000025
2513	194.500000	19.583333	0.000058
2514	194.500000	20.416667	0.000091
2515	194.500000	21.250000	0.000124
2516	194.500000	22.083333	0.000157
2517	194.500000	22.916667	0.000189
2518	194.500000	23.750000	0.000219
2519	194.500000	24.583333	0.000248
2520	194.500000	25.416667	0.000275
2521	194.500000	26.250000	0.000299
2522	194.500000	27.083333	0.000321
2523	194.500000	27.916667	0.000340
2524	194.500000	28.750000	0.000355
2525	194.500000	29.583333	0.000368
2526	194.500000	30.416667	0.000377
2527	194.500000	31.250000	0.000384
2528	194.500000	32.083333	0.000386
2529	194.500000	32.916667	0.000386
2530	194.500000	33.750000	0.000383
2531	194.500000	34.583333	0.000377
2532	194.500000	35.416667	0.000367
2533	194.500000	36.250000	0.000356
2534	194.500000	37.083333	0.000341
2535	194.637500	37.500000	-0.000319
2536	194.912500	37.500000	-0.000315
2537	195.187500	37.500000	-0.000310
2538	195.462500	37.500000	-0.000306
2539	195.737500	37.500000	-0.000301
2540	196.012500	37.500000	-0.000297
2541	196.287500	37.500000	-0.000293
2542	196.562500	37.500000	-0.000289
2543	196.837500	37.500000	-0.000285
2544	197.112500	37.500000	-0.000281
2545	197.387500	37.500000	-0.000276
2546	197.662500	37.500000	-0.000272
2547	197.937500	37.500000	-0.000269
2548	198.212500	37.500000	-0.000265
2549	198.487500	37.500000	-0.000261
2550	198.762500	37.500000	-0.000257
2551	199.037500	37.500000	-0.000253
2552	199.312500	37.500000	-0.000250
2553	199.587500	37.500000	-0.000246
2554	199.862500	37.500000	-0.000242
2555	200.000000	37.083333	-0.000304
2556	200.000000	36.250000	-0.000310
2557	200.000000	35.416667	-0.000314
2558	200.000000	34.583333	-0.000316
2559	200.000000	33.750000	-0.000316
2560	200.000000	32.916667	-0.000314
2561	200.000000	32.083333	-0.000310
2562	200.000000	31.250000	-0.000303
2563	200.000000	30.416667	-0.000295
2564	200.000000	29.583333	-0.000284
2565	200.000000	28.750000	-0.000271
2566	200.000000	27.916667	-0.000256
2567	200.000000	27.083333	-0.000239
2568	200.000000	26.250000	-0.000221
2569	200.000000	25.416667	-0.000201
2570	200.000000	24.583333	-0.000179
2571	200.000000	23.750000	-0.000157
2572	200.000000	22.916667	-0.000133
2573	200.000000	22.083333	-0.000109
2574	200.000000	21.250000	-0.000084
2575	200.000000	20.416667	-0.000059
2576	200.000000	19.583333	-0.000034
2577	200.000000	18.750000	-0.000009
2578	200.000000	17.916667	0.000015
2579	200.000000	17.083333	0.000038
2580	200.000000	16.250000	0.000060
2581	200.000000	15.416667	0.000081
2582	200.000000	14.583333	0.000101
2583	200.000000	13.750000	0.000118
2584	200.000000	12.916667	0.000134
2585	200.000000	12.083333	0.000148
2586	200.000000	11.250000	0.000160
2587	200.000000	10.416667	0.000170
2588	200.000000	9.583333	0.000178
2589	200.000000	8.750000	0.000184
2590	200.000000	7.916667	0.000187
2591	200.000000	7.083333	0.000188
2592	200.000000	6.250000	0.000188
2593	200.000000	5.416667	0.000185
2594	200.000000	4.583333	0.000181
2595	200.000000	3.750000	0.000175
2596	200.000000	2.916667	0.000167
2597	200.000000	2.083333	0.000158
2598	200.000000	1.250000	0.000148
2599	200.000000	0.416667	0.000137
2600	200.112500	0.000000	-0.000116
2601	200.337500	0.000000	-0.000115
2602	200.562500	0.000000	-0.000114
2603	200.787500	0.000000	-0.000113
2604	201.012500	0.000000	-0.000113
2605	201.237500	0.000000	-0.000112
2606	201.462500	0.000000	-0.000111
2607	201.687500	0.000000	-0.000110
2608	201.912500	0.000000	-0.000109
2609	202.137500	0.000000	-0.000109
2610	202.362500	0.000000	-0.000108
2611	202.587500	0.000000	-0.000107
2612	202.812500	0.000000	-0.000106
2613	203.037500	0.000000	-0.000106
2614	203.262500	0.000000	-0.000105
2615	203.487500	0.000000	-0.000104
2616	203.712500	0.000000	-0.000103
2617	203.937500	0.000000	-0.000102
2618	204.162500	0.000000	-0.000102
2619	204.387500	0.000000	-0.000101
2620	204.500000	0.445000	-0.000137
2621	204.500000	1.335000	-0.000145
2622	204.500000	2.225000	-0.000152
2623	204.500000	3.115000	-0.000157
2624	204.500000	4.005000	-0.000161
2625	204.500000	4.895000	-0.000164
2626	204.500000	5.785000	-0.000165
2627	204.500000	6.675000	-0.000165
2628	204.500000	7.565000	-0.000163
2629	204.500000	8.455000	-0.000159
2630	204.500000	9.345000	-0.000154
2631	204.500000	10.235000	-0.000146
2632	204.500000	11.125000	-0.000137
2633	204.500000	12.015000	-0.000126
2634	204.500000	12.905000	-0.000113
2635	204.500000	13.795000	-0.000099
2636	204.500000	14.685000	-0.000084
2637	204.500000	15.575000	-0.000067
2638	204.500000	16.465000	-0.000048
2639	204.500000	17.355000	-0.000029
2640	204.500000	18.245000	-0.000009
2641	204.500000	19.135000	0.000012
2642	204.500000	20.025000	0.000033
2643	204.500000	20.915000	0.000054
2644	204.500000	21.805000	0.000075
2645	204.500000	22.695000	0.000096
2646	204.500000	23.585000	0.000117
2647	204.500000	24.475000	0.000137
2648	204.500000	25.365000	0.000156
2649	204.500000	26.255000	0.000174
2650	204.500000	27.145000	0.000191
2651	204.500000	28.035000	0.000206
2652	204.500000	28.925000	0.000221
2653	204.500000	29.815000	0.000233
2654	204.500000	30.705000	0.000244
2655	204.500000	31.595000	0.000253
2656	204.500000	32.485000	0.000260
2657	204.500000	33.375000	0.000265
2658	204.500000	34.265000	0.000269
2659	204.500000	35.155000	0.000270
2660	204.500000	36.045000	0.000270
2661	204.500000	36.935000	0.000268
2662	204.500000	37.825000	0.000265
2663	204.500000	38.715000	0.000259
2664	204.500000	39.605000	0.000253
2665	204.500000	40.495000	0.000245
2666	204.500000	41.385000	0.000235
2667	204.500000	42.275000	0.000225
2668	204.500000	43.165000	0.000213
2669	204.500000	44.055000	0.000201
2670	203.477500	44.500000	0.000224
2671	201.432500	44.500000	0.000241
2672	199.387500	44.500000	0.000258
2673	197.342500	44.500000	0.000274
2674	195.297500	44.500000	0.000290
2675	193.252500	44.500000	0.000303
2676	191.207500	44.500000	0.000312
2677	189.162500	44.500000	0.000315
2678	187.117500	44.500000	0.000310
2679	185.072500	44.500000	0.000295
2680	183.027500	44.500000	0.000264
2681	180.982500	44.500000	0.000215
2682	178.937500	44.500000	0.000142
2683	176.892500	44.500000	0.000041
2684	174.847500	44.500000	-0.000093
2685	172.802500	44.500000	-0.000263
2686	170.757500	44.500000	-0.000469
2687	168.712500	44.500000	-0.000709
2688	166.667500	44.500000	-0.000975
2689	164.622500	44.500000	-0.001253
2690	162.577500	44.500000	-0.001524
2691	160.532500	44.500000	-0.001761
2692	158.487500	44.500000	-0.001932
2693	156.442500	44.500000	-0.001997
2694	154.397500	44.500000	-0.001910
2695	152.352500	44.500000	-0.001627
2696	150.307500	44.500000	-0.001165
2697	148.262500	44.500000	-0.000652
2698	146.217500	44.500000	-0.000232
2699	144.172500	44.500000	0.000149
2700	142.127500	44.500000	0.000711
2701	140.082500	44.500000	0.001499
2702	138.037500	44.500000	0.002187
2703	135.992500	44.500000	0.002365
2704	133.947500	44.500000	0.002000
2705	131.902500	44.500000	0.001394
2706	129.857500	44.500000	0.000828
2707	127.812500	44.500000	0.000462
2708	125.767500	44.500000	0.000328
2709	123.722500	44.500000	0.000240
2710	121.677500	44.500000	-0.000066
2711	119.632500	44.500000	-0.000596
2712	117.587500	44.500000	-0.001010
2713	115.542500	44.500000	-0.001012
2714	113.497500	44.500000	-0.000747
2715	111.452500	44.500000	-0.000579
2716	109.407500	44.500000	-0.000609
2717	107.362500	44.500000	-0.000609
2718	105.317500	44.500000	-0.000325
2719	103.272500	44.500000	0.000280
2720	101.227500	44.500000	0.001074
2721	99.182500	44.500000	0.001811
2722	97.137500	44.500000	0.002143
2723	95.092500	44.500000	0.001941
2724	93.047500	44.500000	0.001500
2725	91.002500	44.500000	0.001201
2726	88.957500	44.500000	0.001084
2727	86.912500	44.500000	0.000905
2728	84.867500	44.500000	0.000482
2729	82.822500	44.500000	-0.000140
2730	80.777500	44.500000	-0.000812
2731	78.732500	44.500000	-0.001370
2732	76.687500	44.500000	-0.001668
2733	74.642500	44.500000	-0.001715
2734	72.597500	44.500000	-0.001713
2735	70.552500	44.500000	-0.001814
2736	68.507500	44.500000	-0.001922
2737	66.462500	44.500000	-0.001802
2738	64.417500	44.500000	-0.001355
2739	62.372500	44.500000	-0.000691
2740	60.327500	44.500000	0.000024
2741	58.282500	44.500000	0.000626
2742	56.237500	44.500000	0.001005
2743	54.192500	44.500000	0.001254
2744	52.147500	44.500000	0.001623
2745	50.102500	44.500000	0.002184
2746	48.057500	44.500000	0.002633
2747	46.012500	44.500000	0.002575
2748	43.967500	44.500000	0.001984
2749	41.922500	44.500000	0.001174
2750	39.877500	44.500000	0.000437
2751	37.832500	44.500000	-0.000062
2752	35.787500	44.500000	-0.000286
2753	33.742500	44.500000	-0.000420
2754	31.697500	44.500000	-0.000734
2755	29.652500	44.500000	-0.001239
2756	27.607500	44.500000	-0.001592
2757	25.562500	44.500000	-0.001480
2758	23.517500	44.500000	-0.001017
2759	21.472500	44.500000	-0.000559
2760	19.427500	44.500000	-0.000294
2761	17.382500	44.500000	-0.000180
2762	15.337500	44.500000	-0.000082
2763	13.292500	44.500000	0.000142
2764	11.247500	44.500000	0.000559
2765	9.202500	44.500000	0.001018
2766	7.157500	44.500000	0.001159
2767	5.112500	44.500000	0.000788
2768	3.067500	44.500000	0.000145
2769	1.022500	44.500000	-0.000404
2770	0.000000	44.055000	0.000029
2771	0.000000	43.165000	-0.000142
2772	0.000000	42.275000	-0.000334
2773	0.000000	41.385000	-0.000534
2774	0.000000	40.495000	-0.000727
2775	0.000000	39.605000	-0.000889
2776	0.000000	38.715000	-0.000996
2777	0.000000	37.825000	-0.001042
2778	0.000000	36.935000	-0.001046
2779	0.000000	36.045000	-0.001048
2780	0.000000	35.155000	-0.001088
2781	0.000000	34.265000	-0.001182
2782	0.000000	33.375000	-0.001316
2783	0.000000	32.485000	-0.001466
2784	0.000000	31.595000	-0.001609
2785	0.000000	30.705000	-0.001725
2786	0.000000	29.815000	-0.001804
2787	0.000000	28.925000	-0.001839
2788	0.000000	28.035000	-0.001830
2789	0.000000	27.145000	-0.001776
2790	0.000000	26.255000	-0.001682
2791	0.000000	25.365000	-0.001558
2792	0.000000	24.475000	-0.001419
2793	0.000000	23.585000	-0.001287
2794	0.000000	22.695000	-0.001188
2795	0.000000	21.805000	-0.001140
2796	0.000000	20.915000	-0.001139
2797	0.000000	20.025000	-0.001155
2798	0.000000	19.135000	-0.001142
2799	0.000000	18.245000	-0.001070
2800	0.000000	17.355000	-0.000936
2801	0.000000	16.465000	-0.000759
2802	0.000000	15.575000	-0.000561
2803	0.000000	14.685000	-0.000363
2804	0.000000	13.795000	-0.000176
2805	0.000000	12.905000	-0.000007
2806	0.000000	12.015000	0.000141
2807	0.000000	11.125000	0.000271
2808	0.000000	10.235000	0.000383
2809	0.000000	9.345000	0.000480
2810	0.000000	8.455000	0.000563
2811	0.000000	7.565000	0.000635
2812	0.000000	6.675000	0.000698
2813	0.000000	5.785000	0.000752
2814	0.000000	4.895000	0.000798
2815	0.000000	4.005000	0.000838
2816	0.000000	3.115000	0.000872
2817	0.000000	2.225000	0.000899
2818	0.000000	1.335000	0.000920
2819	0.000000	0.445000	0.000936
