n	x	y	J	J0
0	0.281250	0.000000	1.584164	1.056109
1	0.843750	0.000000	1.681673	1.121115
2	1.406250	0.000000	1.775930	1.183953
3	1.968750	0.000000	1.865942	1.243961
4	2.531250	0.000000	1.950713	1.300475
5	3.093750	0.000000	2.029263	1.352842
6	3.656250	0.000000	2.100654	1.400436
7	4.218750	0.000000	2.164006	1.442671
8	4.500000	0.468750	-1.686270	-1.124180
9	4.500000	1.406250	-1.767432	-1.178288
10	4.500000	2.343750	-1.844672	-1.229781
11	4.500000	3.281250	-1.919058	-1.279372
12	4.500000	4.218750	-1.991732	-1.327822
13	4.500000	5.156250	-2.063744	-1.375829
14	4.500000	6.093750	-2.135855	-1.423904
15	4.500000	7.031250	-2.208332	-1.472222
16	4.500000	7.968750	-2.280720	-1.520480
17	4.500000	8.906250	-2.351593	-1.567729
18	4.500000	9.843750	-2.418271	-1.612181
19	4.500000	10.781250	-2.476467	-1.650978
20	4.500000	11.718750	-2.519824	-1.679883
21	4.500000	12.656250	-2.539286	-1.692858
22	4.500000	13.593750	-2.522216	-1.681477
23	4.500000	14.531250	-2.451192	-1.634128
24	4.500000	15.468750	-2.302563	-1.535042
25	4.500000	16.406250	-2.045330	-1.363553
26	4.500000	17.343750	-1.642460	-1.094974
27	4.500000	18.281250	-1.059503	-0.706335
28	4.500000	19.218750	-0.289888	-0.193259
29	4.500000	20.156250	0.480838	0.320559
30	4.500000	21.093750	0.969187	0.646125
31	4.500000	22.031250	1.821620	1.214414
32	4.500000	22.968750	2.589763	1.726509
33	4.500000	23.906250	3.185780	2.123853
34	4.500000	24.843750	3.624503	2.416335
35	4.500000	25.781250	3.937984	2.625322
36	4.500000	26.718750	4.156093	2.770729
37	4.500000	27.656250	4.300293	2.866862
38	4.500000	28.593750	4.382923	2.921949
39	4.500000	29.531250	4.407929	2.938620
40	4.500000	30.468750	4.371368	2.914246
41	4.500000	31.406250	4.261283	2.840855
42	4.500000	32.343750	4.057117	2.704745
43	4.500000	33.281250	3.729788	2.486526
44	4.500000	34.218750	3.245521	2.163681
45	4.500000	35.156250	2.579760	1.719840
46	4.500000	36.093750	1.759841	1.173227
47	4.500000	37.031250	1.173509	0.782340
48	4.843750	37.500000	1.835833	1.223889
49	5.531250	37.500000	1.390912	0.927275
50	6.218750	37.500000	1.257039	0.838026
51	6.906250	37.500000	1.154322	0.769548
52	7.593750	37.500000	1.028210	0.685473
53	8.281250	37.500000	0.879364	0.586243
54	8.968750	37.500000	0.763673	0.509115
55	9.656250	37.500000	0.962396	0.641597
56	10.000000	37.031250	6.046237	4.030824
57	10.000000	36.093750	6.483570	4.322380
58	10.000000	35.156250	7.197173	4.798115
59	10.000000	34.218750	7.826651	5.217767
60	10.000000	33.281250	8.344452	5.562968
61	10.000000	32.343750	8.759810	5.839873
62	10.000000	31.406250	9.088174	6.058783
63	10.000000	30.468750	9.342890	6.228594
64	10.000000	29.531250	9.532476	6.354984
65	10.000000	28.593750	9.660132	6.440088
66	10.000000	27.656250	9.723912	6.482608
67	10.000000	26.718750	9.716987	6.477992
68	10.000000	25.781250	9.627861	6.418574
69	10.000000	24.843750	9.440776	6.293851
70	10.000000	23.906250	9.137102	6.091401
71	10.000000	22.968750	8.699728	5.799819
72	10.000000	22.031250	8.124896	5.416597
73	10.000000	21.093750	7.494052	4.996035
74	10.000000	20.156250	7.222311	4.814874
75	10.000000	19.218750	6.614022	4.409348
76	10.000000	18.281250	5.914958	3.943305
77	10.000000	17.343750	5.301383	3.534256
78	10.000000	16.406250	4.780417	3.186944
79	10.000000	15.468750	4.339980	2.893320
80	10.000000	14.531250	3.964386	2.642924
81	10.000000	13.593750	3.639664	2.426442
82	10.000000	12.656250	3.354969	2.236646
83	10.000000	11.718750	3.102514	2.068343
84	10.000000	10.781250	2.877031	1.918021
85	10.000000	9.843750	2.675124	1.783416
86	10.000000	8.906250	2.494593	1.663062
87	10.000000	7.968750	2.333786	1.555857
88	10.000000	7.031250	2.191016	1.460677
89	10.000000	6.093750	2.064115	1.376077
90	10.000000	5.156250	1.950169	1.300113
91	10.000000	4.218750	1.845482	1.230321
92	10.000000	3.281250	1.745776	1.163851
93	10.000000	2.343750	1.646578	1.097718
94	10.000000	1.406250	1.543706	1.029137
95	10.000000	0.468750	1.433752	0.955835
96	10.281250	0.000000	2.210207	1.473471
97	10.843750	0.000000	2.156703	1.437802
98	11.406250	0.000000	2.095752	1.397168
99	11.968750	0.000000	2.028270	1.352180
100	12.531250	0.000000	1.955199	1.303466
101	13.093750	0.000000	1.877480	1.251653
102	13.656250	0.000000	1.796012	1.197341
103	14.218750	0.000000	1.711620	1.141080
104	14.500000	0.468750	-1.237718	-0.825145
105	14.500000	1.406250	-1.408588	-0.939059
106	14.500000	2.343750	-1.564260	-1.042840
107	14.500000	3.281250	-1.713107	-1.142071
108	14.500000	4.218750	-1.866728	-1.244485
109	14.500000	5.156250	-2.037536	-1.358357
110	14.500000	6.093750	-2.236138	-1.490759
111	14.500000	7.031250	-2.469443	-1.646296
112	14.500000	7.968750	-2.740056	-1.826704
113	14.500000	8.906250	-3.046952	-2.031301
114	14.500000	9.843750	-3.386945	-2.257963
115	14.500000	10.781250	-3.756344	-2.504229
116	14.500000	11.718750	-4.152247	-2.768165
117	14.500000	12.656250	-4.573140	-3.048760
118	14.500000	13.593750	-5.018591	-3.345727
119	14.500000	14.531250	-5.487889	-3.658593
120	14.500000	15.468750	-5.977621	-3.985081
121	14.500000	16.406250	-6.478495	-4.318997
122	14.500000	17.343750	-6.972709	-4.648473
123	14.500000	18.281250	-7.434725	-4.956483
124	14.500000	19.218750	-7.837277	-5.224851
125	14.500000	20.156250	-8.098130	-5.398753
126	14.500000	21.093750	-8.139511	-5.426341
127	14.500000	22.031250	-8.370185	-5.580123
128	14.500000	22.968750	-8.620214	-5.746809
129	14.500000	23.906250	-8.848063	-5.898708
130	14.500000	24.843750	-9.030846	-6.020564
131	14.500000	25.781250	-9.148439	-6.098960
132	14.500000	26.718750	-9.188232	-6.125488
133	14.500000	27.656250	-9.145080	-6.096720
134	14.500000	28.593750	-9.019273	-6.012849
135	14.500000	29.531250	-8.814706	-5.876471
136	14.500000	30.468750	-8.538046	-5.692031
137	14.500000	31.406250	-8.198986	-5.465991
138	14.500000	32.343750	-7.811357	-5.207571
139	14.500000	33.281250	-7.394468	-4.929645
140	14.500000	34.218750	-6.972996	-4.648664
141	14.500000	35.156250	-6.572628	-4.381752
142	14.500000	36.093750	-6.216787	-4.144524
143	14.500000	37.031250	-6.055353	-4.036902
144	14.843750	37.500000	-0.653016	-0.435344
145	15.531250	37.500000	-0.711102	-0.474068
146	16.218750	37.500000	-0.925926	-0.617284
147	16.906250	37.500000	-1.155500	-0.770333
148	17.593750	37.500000	-1.370784	-0.913856
149	18.281250	37.500000	-1.570606	-1.047071
150	18.968750	37.500000	-1.781623	-1.187749
151	19.656250	37.500000	-2.143357	-1.428905
152	20.000000	37.031250	2.214576	1.476384
153	20.000000	36.093750	1.805687	1.203791
154	20.000000	35.156250	1.347278	0.898186
155	20.000000	34.218750	1.071533	0.714355
156	20.000000	33.281250	0.979704	0.653136
157	20.000000	32.343750	1.022425	0.681617
158	20.000000	31.406250	1.145588	0.763725
159	20.000000	30.468750	1.308154	0.872103
160	20.000000	29.531250	1.485450	0.990300
161	20.000000	28.593750	1.667073	1.111382
162	20.000000	27.656250	1.854077	1.236051
163	20.000000	26.718750	2.056856	1.371238
164	20.000000	25.781250	2.293785	1.529190
165	20.000000	24.843750	2.589869	1.726580
166	20.000000	23.906250	2.973640	1.982427
167	20.000000	22.968750	3.468714	2.312476
168	20.000000	22.031250	4.075568	2.717046
169	20.000000	21.093750	4.722303	3.148202
170	20.000000	20.156250	5.144406	3.429604
171	20.000000	19.218750	5.638502	3.759001
172	20.000000	18.281250	6.064993	4.043329
173	20.000000	17.343750	6.346813	4.231208
174	20.000000	16.406250	6.495728	4.330486
175	20.000000	15.468750	6.526447	4.350965
176	20.000000	14.531250	6.450493	4.300329
177	20.000000	13.593750	6.277322	4.184881
178	20.000000	12.656250	6.015406	4.010271
179	20.000000	11.718750	5.672675	3.781783
180	20.000000	10.781250	5.257112	3.504741
181	20.000000	9.843750	4.778230	3.185487
182	20.000000	8.906250	4.249765	2.833177
183	20.000000	7.968750	3.693459	2.462306
184	20.000000	7.031250	3.142505	2.095003
185	20.000000	6.093750	2.640672	1.760448
186	20.000000	5.156250	2.230301	1.486867
187	20.000000	4.218750	1.926355	1.284237
188	20.000000	3.281250	1.693244	1.128829
189	20.000000	2.343750	1.457709	0.971806
190	20.000000	1.406250	1.158695	0.772463
191	20.000000	0.468750	0.783903	0.522602
192	20.281250	0.000000	0.650273	0.433516
193	20.843750	0.000000	0.503383	0.335589
194	21.406250	0.000000	0.328484	0.218989
195	21.968750	0.000000	0.114097	0.076064
196	22.531250	0.000000	-0.154067	-0.102711
197	23.093750	0.000000	-0.491282	-0.327521
198	23.656250	0.000000	-0.908630	-0.605753
199	24.218750	0.000000	-1.403843	-0.935895
200	24.500000	0.468750	1.237865	0.825244
201	24.500000	1.406250	0.559354	0.372903
202	24.500000	2.343750	-0.308004	-0.205336
203	24.500000	3.281250	-1.110825	-0.740550
204	24.500000	4.218750	-1.723351	-1.148901
205	24.500000	5.156250	-2.671966	-1.781311
206	24.500000	6.093750	-3.505319	-2.336879
207	24.500000	7.031250	-4.164883	-2.776589
208	24.500000	7.968750	-4.668134	-3.112089
209	24.500000	8.906250	-5.045923	-3.363949
210	24.500000	9.843750	-5.325482	-3.550321
211	24.500000	10.781250	-5.525401	-3.683600
212	24.500000	11.718750	-5.655671	-3.770448
213	24.500000	12.656250	-5.719303	-3.812869
214	24.500000	13.593750	-5.714407	-3.809605
215	24.500000	14.531250	-5.636733	-3.757822
216	24.500000	15.468750	-5.483050	-3.655367
217	24.500000	16.406250	-5.255872	-3.503915
218	24.500000	17.343750	-4.969707	-3.313138
219	24.500000	18.281250	-4.657766	-3.105177
220	24.500000	19.218750	-4.393144	-2.928763
221	24.500000	20.156250	-4.434416	-2.956277
222	24.500000	21.093750	-4.038243	-2.692162
223	24.500000	22.031250	-3.863385	-2.575590
224	24.500000	22.968750	-3.743423	-2.495616
225	24.500000	23.906250	-3.613867	-2.409245
226	24.500000	24.843750	-3.485804	-2.323869
227	24.500000	25.781250	-3.379024	-2.252683
228	24.500000	26.718750	-3.307882	-2.205255
229	24.500000	27.656250	-3.277967	-2.185311
230	24.500000	28.593750	-3.287455	-2.191636
231	24.500000	29.531250	-3.328926	-2.219284
232	24.500000	30.468750	-3.389701	-2.259801
233	24.500000	31.406250	-3.450080	-2.300053
234	24.500000	32.343750	-3.479781	-2.319854
235	24.500000	33.281250	-3.434371	-2.289581
236	24.500000	34.218750	-3.256821	-2.171214
237	24.500000	35.156250	-2.894219	-1.929479
238	24.500000	36.093750	-2.351348	-1.567565
239	24.500000	37.031250	-2.012858	-1.341905
240	24.843750	37.500000	-2.694033	-1.796022
241	25.531250	37.500000	-2.329175	-1.552783
242	26.218750	37.500000	-2.297696	-1.531797
243	26.906250	37.500000	-2.321525	-1.547683
244	27.593750	37.500000	-2.346796	-1.564531
245	28.281250	37.500000	-2.373647	-1.582431
246	28.968750	37.500000	-2.456201	-1.637467
247	29.656250	37.500000	-2.872747	-1.915164
248	30.000000	37.031250	-4.524711	-3.016474
249	30.000000	36.093750	-5.087883	-3.391922
250	30.000000	35.156250	-5.867935	-3.911957
251	30.000000	34.218750	-6.479672	-4.319781
252	30.000000	33.281250	-6.917251	-4.611500
253	30.000000	32.343750	-7.231914	-4.821276
254	30.000000	31.406250	-7.478327	-4.985551
255	30.000000	30.468750	-7.697783	-5.131855
256	30.000000	29.531250	-7.916566	-5.277711
257	30.000000	28.593750	-8.149416	-5.432944
258	30.000000	27.656250	-8.402924	-5.601949
259	30.000000	26.718750	-8.676975	-5.784650
260	30.000000	25.781250	-8.963877	-5.975918
261	30.000000	24.843750	-9.245741	-6.163827
262	30.000000	23.906250	-9.492375	-6.328250
263	30.000000	22.968750	-9.665104	-6.443402
264	30.000000	22.031250	-9.735326	-6.490217
265	30.000000	21.093750	-9.762324	-6.508216
266	30.000000	20.156250	-9.933196	-6.622131
267	30.000000	19.218750	-9.636804	-6.424536
268	30.000000	18.281250	-9.669436	-6.446291
269	30.000000	17.343750	-9.804287	-6.536191
270	30.000000	16.406250	-9.972299	-6.648199
271	30.000000	15.468750	-10.128021	-6.752014
272	30.000000	14.531250	-10.241233	-6.827489
273	30.000000	13.593750	-10.296677	-6.864451
274	30.000000	12.656250	-10.289246	-6.859498
275	30.000000	11.718750	-10.218789	-6.812526
276	30.000000	10.781250	-10.086043	-6.724028
277	30.000000	9.843750	-9.889827	-6.593218
278	30.000000	8.906250	-9.625225	-6.416817
279	30.000000	7.968750	-9.282621	-6.188414
280	30.000000	7.031250	-8.848045	-5.898697
281	30.000000	6.093750	-8.306495	-5.537663
282	30.000000	5.156250	-7.652056	-5.101371
283	30.000000	4.218750	-6.937410	-4.624940
284	30.000000	3.281250	-6.579898	-4.386599
285	30.000000	2.343750	-5.999131	-3.999421
286	30.000000	1.406250	-5.274023	-3.516015
287	30.000000	0.468750	-4.638649	-3.092433
288	30.281250	0.000000	-2.638044	-1.758696
289	30.843750	0.000000	-2.347418	-1.564945
290	31.406250	0.000000	-2.118254	-1.412169
291	31.968750	0.000000	-1.946779	-1.297852
292	32.531250	0.000000	-1.814460	-1.209640
293	33.093750	0.000000	-1.698059	-1.132039
294	33.656250	0.000000	-1.577373	-1.051582
295	34.218750	0.000000	-1.441625	-0.961083
296	34.500000	0.468750	5.810663	3.873775
297	34.500000	1.406250	6.367654	4.245103
298	34.500000	2.343750	6.875995	4.583997
299	34.500000	3.281250	7.238148	4.825432
300	34.500000	4.218750	7.474131	4.982754
301	34.500000	5.156250	7.943659	5.295773
302	34.500000	6.093750	8.477504	5.651669
303	34.500000	7.031250	9.047039	6.031359
304	34.500000	7.968750	9.627894	6.418596
305	34.500000	8.906250	10.195248	6.796832
306	34.500000	9.843750	10.729157	7.152771
307	34.500000	10.781250	11.215086	7.476724
308	34.500000	11.718750	11.642267	7.761511
309	34.500000	12.656250	12.001609	8.001073
310	34.500000	13.593750	12.283696	8.189131
311	34.500000	14.531250	12.476791	8.317861
312	34.500000	15.468750	12.564667	8.376444
313	34.500000	16.406250	12.524390	8.349593
314	34.500000	17.343750	12.325378	8.216919
315	34.500000	18.281250	11.934379	7.956253
316	34.500000	19.218750	11.348068	7.565378
317	34.500000	20.156250	10.841981	7.227987
318	34.500000	21.093750	10.310043	6.873362
319	34.500000	22.031250	9.451207	6.300805
320	34.500000	22.968750	8.657796	5.771864
321	34.500000	23.906250	7.996315	5.330877
322	34.500000	24.843750	7.449506	4.966338
323	34.500000	25.781250	6.980408	4.653605
324	34.500000	26.718750	6.554066	4.369377
325	34.500000	27.656250	6.144970	4.096647
326	34.500000	28.593750	5.737925	3.825284
327	34.500000	29.531250	5.327403	3.551602
328	34.500000	30.468750	4.917535	3.278357
329	34.500000	31.406250	4.523428	3.015619
330	34.500000	32.343750	4.173605	2.782403
331	34.500000	33.281250	3.911967	2.607978
332	34.500000	34.218750	3.794535	2.529690
333	34.500000	35.156250	3.871741	2.581161
334	34.500000	36.093750	4.142695	2.761796
335	34.500000	37.031250	4.375031	2.916688
336	34.843750	37.500000	-2.732496	-1.821664
337	35.531250	37.500000	-2.425048	-1.616698
338	36.218750	37.500000	-2.267186	-1.511457
339	36.906250	37.500000	-2.118996	-1.412664
340	37.593750	37.500000	-1.953420	-1.302280
341	38.281250	37.500000	-1.771215	-1.180810
342	38.968750	37.500000	-1.600962	-1.067308
343	39.656250	37.500000	-1.584124	-1.056082
344	40.000000	37.031250	-7.534851	-5.023234
345	40.000000	36.093750	-7.771300	-5.180867
346	40.000000	35.156250	-8.209179	-5.472786
347	40.000000	34.218750	-8.701400	-5.800934
348	40.000000	33.281250	-9.227135	-6.151423
349	40.000000	32.343750	-9.762994	-6.508663
350	40.000000	31.406250	-10.286259	-6.857506
351	40.000000	30.468750	-10.779197	-7.186131
352	40.000000	29.531250	-11.229034	-7.486022
353	40.000000	28.593750	-11.626210	-7.750807
354	40.000000	27.656250	-11.962337	-7.974891
355	40.000000	26.718750	-12.228187	-8.152125
356	40.000000	25.781250	-12.411589	-8.274393
357	40.000000	24.843750	-12.495084	-8.330056
358	40.000000	23.906250	-12.453645	-8.302430
359	40.000000	22.968750	-12.254255	-8.169503
360	40.000000	22.031250	-11.863237	-7.908825
361	40.000000	21.093750	-11.298937	-7.532625
362	40.000000	20.156250	-10.890928	-7.260619
363	40.000000	19.218750	-10.310336	-6.873558
364	40.000000	18.281250	-9.483781	-6.322521
365	40.000000	17.343750	-8.744659	-5.829773
366	40.000000	16.406250	-8.127258	-5.418172
367	40.000000	15.468750	-7.606478	-5.070985
368	40.000000	14.531250	-7.144164	-4.762776
369	40.000000	13.593750	-6.707228	-4.471485
370	40.000000	12.656250	-6.273076	-4.182051
371	40.000000	11.718750	-5.829729	-3.886486
372	40.000000	10.781250	-5.375040	-3.583360
373	40.000000	9.843750	-4.916806	-3.277871
374	40.000000	8.906250	-4.474256	-2.982838
375	40.000000	7.968750	-4.080536	-2.720357
376	40.000000	7.031250	-3.784112	-2.522742
377	40.000000	6.093750	-3.643468	-2.428979
378	40.000000	5.156250	-3.705165	-2.470110
379	40.000000	4.218750	-3.946053	-2.630702
380	40.000000	3.281250	-4.092387	-2.728258
381	40.000000	2.343750	-4.319861	-2.879907
382	40.000000	1.406250	-4.491074	-2.994049
383	40.000000	0.468750	-4.456693	-2.971128
384	40.281250	0.000000	-2.008022	-1.338682
385	40.843750	0.000000	-2.162270	-1.441513
386	41.406250	0.000000	-2.242029	-1.494686
387	41.968750	0.000000	-2.235268	-1.490179
388	42.531250	0.000000	-2.133891	-1.422594
389	43.093750	0.000000	-1.930955	-1.287304
390	43.656250	0.000000	-1.623218	-1.082145
391	44.218750	0.000000	-1.219339	-0.812892
392	44.500000	0.468750	1.969396	1.312930
393	44.500000	1.406250	2.536625	1.691084
394	44.500000	2.343750	3.296853	2.197902
395	44.500000	3.281250	4.003670	2.669113
396	44.500000	4.218750	4.517991	3.011994
397	44.500000	5.156250	5.347987	3.565325
398	44.500000	6.093750	6.041081	4.027387
399	44.500000	7.031250	6.558668	4.372446
400	44.500000	7.968750	6.946850	4.631233
401	44.500000	8.906250	7.261382	4.840921
402	44.500000	9.843750	7.546137	5.030758
403	44.500000	10.781250	7.829270	5.219514
404	44.500000	11.718750	8.126085	5.417390
405	44.500000	12.656250	8.442561	5.628374
406	44.500000	13.593750	8.777208	5.851472
407	44.500000	14.531250	9.120741	6.080494
408	44.500000	15.468750	9.453995	6.302663
409	44.500000	16.406250	9.745914	6.497276
410	44.500000	17.343750	9.956279	6.637519
411	44.500000	18.281250	10.051211	6.700807
412	44.500000	19.218750	10.054534	6.703023
413	44.500000	20.156250	10.234724	6.823149
414	44.500000	21.093750	9.927066	6.618044
415	44.500000	22.031250	9.884960	6.589973
416	44.500000	22.968750	9.984165	6.656110
417	44.500000	23.906250	10.134812	6.756542
418	44.500000	24.843750	10.289575	6.859717
419	44.500000	25.781250	10.413604	6.942403
420	44.500000	26.718750	10.486386	6.990924
421	44.500000	27.656250	10.498366	6.998910
422	44.500000	28.593750	10.446467	6.964311
423	44.500000	29.531250	10.330348	6.886899
424	44.500000	30.468750	10.149616	6.766411
425	44.500000	31.406250	9.901733	6.601155
426	44.500000	32.343750	9.580436	6.386957
427	44.500000	33.281250	9.175007	6.116672
428	44.500000	34.218750	8.671885	5.781257
429	44.500000	35.156250	8.062066	5.374711
430	44.500000	36.093750	7.371187	4.914125
431	44.500000	37.031250	6.955720	4.637147
432	44.843750	37.500000	-0.087387	-0.058258
433	45.531250	37.500000	-0.261721	-0.174481
434	46.218750	37.500000	-0.109010	-0.072673
435	46.906250	37.500000	0.089984	0.059989
436	47.593750	37.500000	0.279492	0.186328
437	48.281250	37.500000	0.458551	0.305701
438	48.968750	37.500000	0.680975	0.453983
439	49.656250	37.500000	1.225496	0.816997
440	50.000000	37.031250	0.831477	0.554318
441	50.000000	36.093750	1.508745	1.005830
442	50.000000	35.156250	2.398392	1.598928
443	50.000000	34.218750	3.100853	2.067235
444	50.000000	33.281250	3.600056	2.400037
445	50.000000	32.343750	3.941535	2.627690
446	50.000000	31.406250	4.177783	2.785189
447	50.000000	30.468750	4.349663	2.899776
448	50.000000	29.531250	4.482890	2.988593
449	50.000000	28.593750	4.590112	3.060075
450	50.000000	27.656250	4.673954	3.115969
451	50.000000	26.718750	4.729535	3.153023
452	50.000000	25.781250	4.746474	3.164316
453	50.000000	24.843750	4.711059	3.140706
454	50.000000	23.906250	4.609983	3.073322
455	50.000000	22.968750	4.437989	2.958659
456	50.000000	22.031250	4.211646	2.807764
457	50.000000	21.093750	4.026993	2.684662
458	50.000000	20.156250	4.070411	2.713607
459	50.000000	19.218750	3.684799	2.456533
460	50.000000	18.281250	3.610402	2.406934
461	50.000000	17.343750	3.599333	2.399556
462	50.000000	16.406250	3.604058	2.402705
463	50.000000	15.468750	3.618672	2.412448
464	50.000000	14.531250	3.646707	2.431138
465	50.000000	13.593750	3.691959	2.461306
466	50.000000	12.656250	3.755341	2.503561
467	50.000000	11.718750	3.834541	2.556361
468	50.000000	10.781250	3.923892	2.615928
469	50.000000	9.843750	4.013095	2.675397
470	50.000000	8.906250	4.084305	2.722870
471	50.000000	7.968750	4.107938	2.738625
472	50.000000	7.031250	4.039378	2.692919
473	50.000000	6.093750	3.822546	2.548364
474	50.000000	5.156250	3.411272	2.274181
475	50.000000	4.218750	2.844244	1.896163
476	50.000000	3.281250	2.574220	1.716146
477	50.000000	2.343750	2.093279	1.395519
478	50.000000	1.406250	1.540818	1.027212
479	50.000000	0.468750	1.163621	0.775747
480	50.281250	0.000000	-0.456537	-0.304358
481	50.843750	0.000000	-0.727466	-0.484978
482	51.406250	0.000000	-0.906644	-0.604429
483	51.968750	0.000000	-0.986088	-0.657392
484	52.531250	0.000000	-0.969706	-0.646471
485	53.093750	0.000000	-0.865078	-0.576719
486	53.656250	0.000000	-0.680900	-0.453933
487	54.218750	0.000000	-0.429759	-0.286506
488	54.500000	0.468750	-3.661626	-2.441084
489	54.500000	1.406250	-3.539341	-2.359561
490	54.500000	2.343750	-3.199048	-2.132698
491	54.500000	3.281250	-2.791008	-1.860672
492	54.500000	4.218750	-2.453867	-1.635911
493	54.500000	5.156250	-2.013474	-1.342316
494	54.500000	6.093750	-1.745413	-1.163608
495	54.500000	7.031250	-1.674942	-1.116628
496	54.500000	7.968750	-1.757868	-1.171912
497	54.500000	8.906250	-1.938280	-1.292187
498	54.500000	9.843750	-2.170396	-1.446931
499	54.500000	10.781250	-2.423642	-1.615762
500	54.500000	11.718750	-2.680844	-1.787229
501	54.500000	12.656250	-2.934996	-1.956664
502	54.500000	13.593750	-3.186542	-2.124361
503	54.500000	14.531250	-3.441361	-2.294241
504	54.500000	15.468750	-3.708967	-2.472645
505	54.500000	16.406250	-3.999702	-2.666468
506	54.500000	17.343750	-4.318769	-2.879179
507	54.500000	18.281250	-4.654976	-3.103318
508	54.500000	19.218750	-4.958646	-3.305764
509	54.500000	20.156250	-5.066339	-3.377559
510	54.500000	21.093750	-5.314359	-3.542906
511	54.500000	22.031250	-5.362619	-3.575079
512	54.500000	22.968750	-5.308914	-3.539276
513	54.500000	23.906250	-5.205972	-3.470648
514	54.500000	24.843750	-5.061445	-3.374297
515	54.500000	25.781250	-4.870452	-3.246968
516	54.500000	26.718750	-4.626298	-3.084199
517	54.500000	27.656250	-4.325296	-2.883531
518	54.500000	28.593750	-3.968050	-2.645367
519	54.500000	29.531250	-3.559888	-2.373258
520	54.500000	30.468750	-3.111975	-2.074650
521	54.500000	31.406250	-2.643769	-1.762513
522	54.500000	32.343750	-2.186699	-1.457799
523	54.500000	33.281250	-1.787479	-1.191653
524	54.500000	34.218750	-1.506208	-1.004139
525	54.500000	35.156250	-1.399749	-0.933166
526	54.500000	36.093750	-1.476504	-0.984336
527	54.500000	37.031250	-1.515903	-1.010602
528	54.843750	37.500000	1.866016	1.244011
529	55.531250	37.500000	1.674116	1.116078
530	56.218750	37.500000	1.642717	1.095145
531	56.906250	37.500000	1.633373	1.088915
532	57.593750	37.500000	1.619804	1.079869
533	58.281250	37.500000	1.602794	1.068529
534	58.968750	37.500000	1.610175	1.073450
535	59.656250	37.500000	1.781918	1.187945
536	60.000000	37.031250	5.178653	3.452436
537	60.000000	36.093750	5.590804	3.727203
538	60.000000	35.156250	6.172725	4.115150
539	60.000000	34.218750	6.759650	4.506433
540	60.000000	33.281250	7.337387	4.891591
541	60.000000	32.343750	7.900591	5.267061
542	60.000000	31.406250	8.444347	5.629564
543	60.000000	30.468750	8.964005	5.976003
544	60.000000	29.531250	9.455489	6.303659
545	60.000000	28.593750	9.915523	6.610349
546	60.000000	27.656250	10.341562	6.894374
547	60.000000	26.718750	10.731235	7.154157
548	60.000000	25.781250	11.081194	7.387463
549	60.000000	24.843750	11.385353	7.590235
550	60.000000	23.906250	11.632945	7.755297
551	60.000000	22.968750	11.807837	7.871891
552	60.000000	22.031250	11.892712	7.928475
553	60.000000	21.093750	11.903805	7.935870
554	60.000000	20.156250	11.917068	7.944712
555	60.000000	19.218750	11.623112	7.748741
556	60.000000	18.281250	11.438790	7.625860
557	60.000000	17.343750	11.277815	7.518543
558	60.000000	16.406250	11.123541	7.415694
559	60.000000	15.468750	10.958224	7.305483
560	60.000000	14.531250	10.764163	7.176108
561	60.000000	13.593750	10.528927	7.019285
562	60.000000	12.656250	10.245889	6.830593
563	60.000000	11.718750	9.913004	6.608670
564	60.000000	10.781250	9.531684	6.354456
565	60.000000	9.843750	9.106406	6.070937
566	60.000000	8.906250	8.645168	5.763445
567	60.000000	7.968750	8.160585	5.440390
568	60.000000	7.031250	7.670937	5.113958
569	60.000000	6.093750	7.199258	4.799505
570	60.000000	5.156250	6.767838	4.511892
571	60.000000	4.218750	6.402898	4.268599
572	60.000000	3.281250	6.271030	4.180686
573	60.000000	2.343750	6.009852	4.006568
574	60.000000	1.406250	5.596891	3.731261
575	60.000000	0.468750	5.127666	3.418444
576	60.281250	0.000000	0.623179	0.415453
577	60.843750	0.000000	0.480875	0.320584
578	61.406250	0.000000	0.345994	0.230663
579	61.968750	0.000000	0.208188	0.138792
580	62.531250	0.000000	0.047690	0.031793
581	63.093750	0.000000	-0.158317	-0.105545
582	63.656250	0.000000	-0.427966	-0.285311
583	64.218750	0.000000	-0.764675	-0.509783
584	64.500000	0.468750	-4.227584	-2.818390
585	64.500000	1.406250	-4.867739	-3.245159
586	64.500000	2.343750	-5.592885	-3.728590
587	64.500000	3.281250	-6.173651	-4.115767
588	64.500000	4.218750	-6.537472	-4.358315
589	64.500000	5.156250	-7.271571	-4.847714
590	64.500000	6.093750	-7.964664	-5.309776
591	64.500000	7.031250	-8.568455	-5.712303
592	64.500000	7.968750	-9.091311	-6.060874
593	64.500000	8.906250	-9.549111	-6.366074
594	64.500000	9.843750	-9.955813	-6.637209
595	64.500000	10.781250	-10.320812	-6.880541
596	64.500000	11.718750	-10.648857	-7.099238
597	64.500000	12.656250	-10.940558	-7.293705
598	64.500000	13.593750	-11.192663	-7.461775
599	64.500000	14.531250	-11.397888	-7.598592
600	64.500000	15.468750	-11.544437	-7.696291
601	64.500000	16.406250	-11.615884	-7.743923
602	64.500000	17.343750	-11.593247	-7.728832
603	64.500000	18.281250	-11.463104	-7.642069
604	64.500000	19.218750	-11.256065	-7.504043
605	64.500000	20.156250	-11.291640	-7.527760
606	64.500000	21.093750	-10.963780	-7.309187
607	64.500000	22.031250	-10.627956	-7.085304
608	64.500000	22.968750	-10.358037	-6.905358
609	64.500000	23.906250	-10.126619	-6.751079
610	64.500000	24.843750	-9.914540	-6.609693
611	64.500000	25.781250	-9.702496	-6.468331
612	64.500000	26.718750	-9.475398	-6.316932
613	64.500000	27.656250	-9.222991	-6.148661
614	64.500000	28.593750	-8.939003	-5.959335
615	64.500000	29.531250	-8.620077	-5.746718
616	64.500000	30.468750	-8.264916	-5.509944
617	64.500000	31.406250	-7.873671	-5.249114
618	64.500000	32.343750	-7.447569	-4.965046
619	64.500000	33.281250	-6.988806	-4.659204
620	64.500000	34.218750	-6.500710	-4.333806
621	64.500000	35.156250	-5.988486	-3.992324
622	64.500000	36.093750	-5.468000	-3.645333
623	64.500000	37.031250	-5.107386	-3.404924
624	64.843750	37.500000	1.638189	1.092126
625	65.531250	37.500000	1.767749	1.178500
626	66.218750	37.500000	1.722451	1.148301
627	66.906250	37.500000	1.642009	1.094672
628	67.593750	37.500000	1.554053	1.036035
629	68.281250	37.500000	1.459245	0.972830
630	68.968750	37.500000	1.331280	0.887520
631	69.656250	37.500000	1.031788	0.687859
632	70.000000	37.031250	1.382613	0.921742
633	70.000000	36.093750	1.192017	0.794678
634	70.000000	35.156250	0.914615	0.609743
635	70.000000	34.218750	0.757554	0.505036
636	70.000000	33.281250	0.723136	0.482091
637	70.000000	32.343750	0.776197	0.517465
638	70.000000	31.406250	0.877465	0.584977
639	70.000000	30.468750	0.995421	0.663614
640	70.000000	29.531250	1.108184	0.738789
641	70.000000	28.593750	1.201649	0.801099
642	70.000000	27.656250	1.266986	0.844658
643	70.000000	26.718750	1.298479	0.865653
644	70.000000	25.781250	1.291714	0.861142
645	70.000000	24.843750	1.241763	0.827842
646	70.000000	23.906250	1.140817	0.760545
647	70.000000	22.968750	0.974888	0.649925
648	70.000000	22.031250	0.720930	0.480620
649	70.000000	21.093750	0.332648	0.221765
650	70.000000	20.156250	-0.141619	-0.094413
651	70.000000	19.218750	-0.354071	-0.236047
652	70.000000	18.281250	-0.888074	-0.592049
653	70.000000	17.343750	-1.389068	-0.926045
654	70.000000	16.406250	-1.802000	-1.201334
655	70.000000	15.468750	-2.131289	-1.420860
656	70.000000	14.531250	-2.395619	-1.597079
657	70.000000	13.593750	-2.613325	-1.742217
658	70.000000	12.656250	-2.797151	-1.864767
659	70.000000	11.718750	-2.953171	-1.968781
660	70.000000	10.781250	-3.080547	-2.053698
661	70.000000	9.843750	-3.170605	-2.113737
662	70.000000	8.906250	-3.204782	-2.136521
663	70.000000	7.968750	-3.151820	-2.101214
664	70.000000	7.031250	-2.966290	-1.977526
665	70.000000	6.093750	-2.594109	-1.729406
666	70.000000	5.156250	-1.995514	-1.330343
667	70.000000	4.218750	-1.220614	-0.813743
668	70.000000	3.281250	-0.737792	-0.491861
669	70.000000	2.343750	-0.056727	-0.037818
670	70.000000	1.406250	0.666614	0.444409
671	70.000000	0.468750	1.172703	0.781802
672	70.281250	0.000000	-0.370392	-0.246928
673	70.843750	0.000000	-0.000609	-0.000406
674	71.406250	0.000000	0.274022	0.182681
675	71.968750	0.000000	0.445753	0.297169
676	72.531250	0.000000	0.518801	0.345867
677	73.093750	0.000000	0.501113	0.334076
678	73.656250	0.000000	0.401780	0.267853
679	74.218750	0.000000	0.233784	0.155856
680	74.500000	0.468750	1.301897	0.867931
681	74.500000	1.406250	1.319903	0.879935
682	74.500000	2.343750	1.152460	0.768307
683	74.500000	3.281250	0.939026	0.626017
684	74.500000	4.218750	0.804704	0.536469
685	74.500000	5.156250	0.560847	0.373898
686	74.500000	6.093750	0.469480	0.312987
687	74.500000	7.031250	0.544710	0.363140
688	74.500000	7.968750	0.734223	0.489482
689	74.500000	8.906250	0.976838	0.651225
690	74.500000	9.843750	1.223568	0.815712
691	74.500000	10.781250	1.441753	0.961169
692	74.500000	11.718750	1.612467	1.074978
693	74.500000	12.656250	1.727006	1.151337
694	74.500000	13.593750	1.784586	1.189724
695	74.500000	14.531250	1.791641	1.194427
696	74.500000	15.468750	1.762248	1.174832
697	74.500000	16.406250	1.718146	1.145430
698	74.500000	17.343750	1.684866	1.123244
699	74.500000	18.281250	1.678929	1.119286
700	74.500000	19.218750	1.676898	1.117932
701	74.500000	20.156250	1.525269	1.016846
702	74.500000	21.093750	1.546354	1.030902
703	74.500000	22.031250	1.375849	0.917233
704	74.500000	22.968750	1.101093	0.734062
705	74.500000	23.906250	0.786484	0.524323
706	74.500000	24.843750	0.462948	0.308632
707	74.500000	25.781250	0.147223	0.098149
708	74.500000	26.718750	-0.153704	-0.102469
709	74.500000	27.656250	-0.437982	-0.291988
710	74.500000	28.593750	-0.705478	-0.470318
711	74.500000	29.531250	-0.955236	-0.636824
712	74.500000	30.468750	-1.183238	-0.788826
713	74.500000	31.406250	-1.380005	-0.920003
714	74.500000	32.343750	-1.527989	-1.018659
715	74.500000	33.281250	-1.599678	-1.066452
716	74.500000	34.218750	-1.559483	-1.039655
717	74.500000	35.156250	-1.375610	-0.917073
718	74.500000	36.093750	-1.053439	-0.702292
719	74.500000	37.031250	-0.802921	-0.535281
720	74.843750	37.500000	0.402954	0.268636
721	75.531250	37.500000	0.554436	0.369624
722	76.218750	37.500000	0.546601	0.364401
723	76.906250	37.500000	0.519505	0.346337
724	77.593750	37.500000	0.500717	0.333811
725	78.281250	37.500000	0.490412	0.326941
726	78.968750	37.500000	0.461378	0.307585
727	79.656250	37.500000	0.273936	0.182624
728	80.000000	37.031250	-3.403502	-2.269001
729	80.000000	36.093750	-3.702940	-2.468626
730	80.000000	35.156250	-4.172043	-2.781362
731	80.000000	34.218750	-4.644285	-3.096190
732	80.000000	33.281250	-5.105328	-3.403552
733	80.000000	32.343750	-5.551278	-3.700852
734	80.000000	31.406250	-5.979730	-3.986487
735	80.000000	30.468750	-6.388778	-4.259185
736	80.000000	29.531250	-6.776525	-4.517683
737	80.000000	28.593750	-7.140774	-4.760516
738	80.000000	27.656250	-7.478859	-4.985906
739	80.000000	26.718750	-7.787596	-5.191731
740	80.000000	25.781250	-8.063372	-5.375581
741	80.000000	24.843750	-8.302427	-5.534951
742	80.000000	23.906250	-8.501358	-5.667572
743	80.000000	22.968750	-8.657852	-5.771902
744	80.000000	22.031250	-8.772100	-5.848066
745	80.000000	21.093750	-8.871384	-5.914256
746	80.000000	20.156250	-9.022096	-6.014731
747	80.000000	19.218750	-8.881638	-5.921092
748	80.000000	18.281250	-8.828744	-5.885829
749	80.000000	17.343750	-8.757784	-5.838522
750	80.000000	16.406250	-8.656232	-5.770821
751	80.000000	15.468750	-8.522008	-5.681339
752	80.000000	14.531250	-8.352590	-5.568393
753	80.000000	13.593750	-8.145322	-5.430214
754	80.000000	12.656250	-7.898144	-5.265429
755	80.000000	11.718750	-7.610186	-5.073457
756	80.000000	10.781250	-7.282121	-4.854747
757	80.000000	9.843750	-6.916249	-4.610833
758	80.000000	8.906250	-6.516315	-4.344210
759	80.000000	7.968750	-6.087123	-4.058082
760	80.000000	7.031250	-5.634048	-3.756032
761	80.000000	6.093750	-5.162636	-3.441758
762	80.000000	5.156250	-4.679050	-3.119367
763	80.000000	4.218750	-4.207577	-2.805051
764	80.000000	3.281250	-3.938427	-2.625618
765	80.000000	2.343750	-3.551656	-2.367771
766	80.000000	1.406250	-3.060783	-2.040522
767	80.000000	0.468750	-2.572308	-1.714872
768	80.281250	0.000000	0.002882	0.001921
769	80.843750	0.000000	0.199711	0.133141
770	81.406250	0.000000	0.375832	0.250555
771	81.968750	0.000000	0.535854	0.357236
772	82.531250	0.000000	0.692370	0.461580
773	83.093750	0.000000	0.860495	0.573663
774	83.656250	0.000000	1.052719	0.701813
775	84.218750	0.000000	1.273450	0.848967
776	84.500000	0.468750	2.128226	1.418817
777	84.500000	1.406250	2.575024	1.716683
778	84.500000	2.343750	3.034777	2.023185
779	84.500000	3.281250	3.399499	2.266333
780	84.500000	4.218750	3.653075	2.435384
781	84.500000	5.156250	4.112733	2.741822
782	84.500000	6.093750	4.586480	3.057653
783	84.500000	7.031250	5.049904	3.366602
784	84.500000	7.968750	5.498491	3.665661
785	84.500000	8.906250	5.929655	3.953103
786	84.500000	9.843750	6.341443	4.227629
787	84.500000	10.781250	6.731998	4.487999
788	84.500000	11.718750	7.099215	4.732810
789	84.500000	12.656250	7.440549	4.960366
790	84.500000	13.593750	7.752939	5.168626
791	84.500000	14.531250	8.032870	5.355246
792	84.500000	15.468750	8.276606	5.517737
793	84.500000	16.406250	8.480655	5.653770
794	84.500000	17.343750	8.642451	5.761634
795	84.500000	18.281250	8.761460	5.840973
796	84.500000	19.218750	8.851029	5.900686
797	84.500000	20.156250	9.021015	6.014010
798	84.500000	21.093750	8.899144	5.932763
799	84.500000	22.031250	8.834695	5.889797
800	84.500000	22.968750	8.766080	5.844053
801	84.500000	23.906250	8.667555	5.778370
802	84.500000	24.843750	8.536950	5.691300
803	84.500000	25.781250	8.371878	5.581252
804	84.500000	26.718750	8.169683	5.446455
805	84.500000	27.656250	7.928159	5.285440
806	84.500000	28.593750	7.646187	5.097458
807	84.500000	29.531250	7.324137	4.882758
808	84.500000	30.468750	6.964006	4.642671
809	84.500000	31.406250	6.569289	4.379526
810	84.500000	32.343750	6.144625	4.096417
811	84.500000	33.281250	5.695319	3.796879
812	84.500000	34.218750	5.226897	3.484598
813	84.500000	35.156250	4.745216	3.163478
814	84.500000	36.093750	4.264853	2.843235
815	84.500000	37.031250	3.950840	2.633893
816	84.843750	37.500000	0.447112	0.298075
817	85.531250	37.500000	0.328791	0.219194
818	86.218750	37.500000	0.383648	0.255765
819	86.906250	37.500000	0.471034	0.314023
820	87.593750	37.500000	0.562515	0.375010
821	88.281250	37.500000	0.656759	0.437839
822	88.968750	37.500000	0.779532	0.519688
823	89.656250	37.500000	1.068773	0.712515
824	90.000000	37.031250	-0.897759	-0.598506
825	90.000000	36.093750	-0.725730	-0.483820
826	90.000000	35.156250	-0.501730	-0.334486
827	90.000000	34.218750	-0.445639	-0.297092
828	90.000000	33.281250	-0.548616	-0.365744
829	90.000000	32.343750	-0.753708	-0.502472
830	90.000000	31.406250	-1.001204	-0.667469
831	90.000000	30.468750	-1.245391	-0.830261
832	90.000000	29.531250	-1.456643	-0.971095
833	90.000000	28.593750	-1.618325	-1.078883
834	90.000000	27.656250	-1.723434	-1.148956
835	90.000000	26.718750	-1.772620	-1.181746
836	90.000000	25.781250	-1.773764	-1.182509
837	90.000000	24.843750	-1.742506	-1.161670
838	90.000000	23.906250	-1.701830	-1.134553
839	90.000000	22.968750	-1.676818	-1.117878
840	90.000000	22.031250	-1.679538	-1.119692
841	90.000000	21.093750	-1.665513	-1.110342
842	90.000000	20.156250	-1.520028	-1.013352
843	90.000000	19.218750	-1.539868	-1.026579
844	90.000000	18.281250	-1.340444	-0.893629
845	90.000000	17.343750	-1.058208	-0.705472
846	90.000000	16.406250	-0.743468	-0.495646
847	90.000000	15.468750	-0.424008	-0.282672
848	90.000000	14.531250	-0.114169	-0.076113
849	90.000000	13.593750	0.180461	0.120308
850	90.000000	12.656250	0.458650	0.305767
851	90.000000	11.718750	0.720315	0.480210
852	90.000000	10.781250	0.964097	0.642731
853	90.000000	9.843750	1.185110	0.790074
854	90.000000	8.906250	1.372488	0.914992
855	90.000000	7.968750	1.506798	1.004532
856	90.000000	7.031250	1.558559	1.039039
857	90.000000	6.093750	1.491538	0.994359
858	90.000000	5.156250	1.277569	0.851713
859	90.000000	4.218750	0.940999	0.627333
860	90.000000	3.281250	0.728566	0.485711
861	90.000000	2.343750	0.417266	0.278177
862	90.000000	1.406250	0.103783	0.069189
863	90.000000	0.468750	-0.076559	-0.051039
864	90.281250	0.000000	1.612295	1.074864
865	90.843750	0.000000	1.488817	0.992545
866	91.406250	0.000000	1.419102	0.946068
867	91.968750	0.000000	1.409533	0.939689
868	92.531250	0.000000	1.461195	0.974130
869	93.093750	0.000000	1.573550	1.049033
870	93.656250	0.000000	1.744444	1.162962
871	94.218750	0.000000	1.966453	1.310969
872	94.500000	0.468750	-1.921025	-1.280683
873	94.500000	1.406250	-1.828044	-1.218696
874	94.500000	2.343750	-1.594825	-1.063217
875	94.500000	3.281250	-1.354704	-0.903136
876	94.500000	4.218750	-1.202147	-0.801431
877	94.500000	5.156250	-0.911688	-0.607792
878	94.500000	6.093750	-0.727339	-0.484892
879	94.500000	7.031250	-0.670441	-0.446961
880	94.500000	7.968750	-0.709527	-0.473018
881	94.500000	8.906250	-0.804740	-0.536494
882	94.500000	9.843750	-0.922642	-0.615095
883	94.500000	10.781250	-1.039503	-0.693002
884	94.500000	11.718750	-1.139845	-0.759896
885	94.500000	12.656250	-1.213943	-0.809295
886	94.500000	13.593750	-1.255577	-0.837051
887	94.500000	14.531250	-1.260171	-0.840114
888	94.500000	15.468750	-1.223019	-0.815346
889	94.500000	16.406250	-1.137072	-0.758048
890	94.500000	17.343750	-0.989811	-0.659874
891	94.500000	18.281250	-0.760055	-0.506703
892	94.500000	19.218750	-0.412098	-0.274732
893	94.500000	20.156250	0.100097	0.066732
894	94.500000	21.093750	0.278723	0.185815
895	94.500000	22.031250	0.782326	0.521551
896	94.500000	22.968750	1.294103	0.862735
897	94.500000	23.906250	1.721240	1.147494
898	94.500000	24.843750	2.062275	1.374850
899	94.500000	25.781250	2.334654	1.556436
900	94.500000	26.718750	2.557463	1.704975
901	94.500000	27.656250	2.744755	1.829836
902	94.500000	28.593750	2.903984	1.935989
903	94.500000	29.531250	3.035757	2.023838
904	94.500000	30.468750	3.133109	2.088739
905	94.500000	31.406250	3.179675	2.119783
906	94.500000	32.343750	3.146949	2.097966
907	94.500000	33.281250	2.992232	1.994821
908	94.500000	34.218750	2.662060	1.774707
909	94.500000	35.156250	2.110647	1.407098
910	94.500000	36.093750	1.354368	0.902912
911	94.500000	37.031250	0.793498	0.528999
912	94.843750	37.500000	1.295308	0.863538
913	95.531250	37.500000	0.874088	0.582725
914	96.218750	37.500000	0.774663	0.516442
915	96.906250	37.500000	0.717623	0.478415
916	97.593750	37.500000	0.648495	0.432330
917	98.281250	37.500000	0.567588	0.378392
918	98.968750	37.500000	0.529990	0.353327
919	99.656250	37.500000	0.815729	0.543819
920	100.000000	37.031250	6.237061	4.158040
921	100.000000	36.093750	6.691846	4.461231
922	100.000000	35.156250	7.435314	4.956876
923	100.000000	34.218750	8.112774	5.408516
924	100.000000	33.281250	8.700570	5.800380
925	100.000000	32.343750	9.209887	6.139924
926	100.000000	31.406250	9.656632	6.437755
927	100.000000	30.468750	10.053916	6.702611
928	100.000000	29.531250	10.410161	6.940107
929	100.000000	28.593750	10.729250	7.152833
930	100.000000	27.656250	11.011026	7.340684
931	100.000000	26.718750	11.251485	7.500990
932	100.000000	25.781250	11.442522	7.628348
933	100.000000	24.843750	11.571442	7.714295
934	100.000000	23.906250	11.621081	7.747388
935	100.000000	22.968750	11.572697	7.715131
936	100.000000	22.031250	11.416177	7.610785
937	100.000000	21.093750	11.216904	7.477936
938	100.000000	20.156250	11.257035	7.504690
939	100.000000	19.218750	10.860956	7.240638
940	100.000000	18.281250	10.539797	7.026531
941	100.000000	17.343750	10.273549	6.849033
942	100.000000	16.406250	10.042569	6.695046
943	100.000000	15.468750	9.827199	6.551466
944	100.000000	14.531250	9.608858	6.405906
945	100.000000	13.593750	9.373520	6.249013
946	100.000000	12.656250	9.111873	6.074582
947	100.000000	11.718750	8.818359	5.878906
948	100.000000	10.781250	8.490137	5.660091
949	100.000000	9.843750	8.126268	5.417512
950	100.000000	8.906250	7.727160	5.151440
951	100.000000	7.968750	7.294242	4.862828
952	100.000000	7.031250	6.829911	4.553274
953	100.000000	6.093750	6.337764	4.225176
954	100.000000	5.156250	5.823659	3.882439
955	100.000000	4.218750	5.313523	3.542348
956	100.000000	3.281250	5.000919	3.333946
957	100.000000	2.343750	4.570165	3.046777
958	100.000000	1.406250	4.038846	2.692564
959	100.000000	0.468750	3.516308	2.344205
960	100.281250	0.000000	2.307153	1.538102
961	100.843750	0.000000	2.102373	1.401582
962	101.406250	0.000000	1.917576	1.278384
963	101.968750	0.000000	1.748516	1.165677
964	102.531250	0.000000	1.582920	1.055280
965	103.093750	0.000000	1.405935	0.937290
966	103.656250	0.000000	1.205266	0.803511
967	104.218750	0.000000	0.976623	0.651082
968	104.500000	0.468750	-3.442181	-2.294787
969	104.500000	1.406250	-4.010172	-2.673448
970	104.500000	2.343750	-4.584418	-3.056278
971	104.500000	3.281250	-5.058539	-3.372359
972	104.500000	4.218750	-5.419185	-3.612790
973	104.500000	5.156250	-5.986538	-3.991025
974	104.500000	6.093750	-6.570713	-4.380475
975	104.500000	7.031250	-7.147851	-4.765234
976	104.500000	7.968750	-7.712326	-5.141551
977	104.500000	8.906250	-8.259226	-5.506151
978	104.500000	9.843750	-8.783849	-5.855900
979	104.500000	10.781250	-9.281987	-6.187992
980	104.500000	11.718750	-9.750190	-6.500126
981	104.500000	12.656250	-10.185765	-6.790510
982	104.500000	13.593750	-10.586338	-7.057558
983	104.500000	14.531250	-10.948818	-7.299212
984	104.500000	15.468750	-11.267754	-7.511836
985	104.500000	16.406250	-11.533351	-7.688900
986	104.500000	17.343750	-11.730342	-7.820228
987	104.500000	18.281250	-11.840720	-7.893813
988	104.500000	19.218750	-11.864168	-7.909445
989	104.500000	20.156250	-11.914937	-7.943291
990	104.500000	21.093750	-11.649908	-7.766605
991	104.500000	22.031250	-11.457496	-7.638331
992	104.500000	22.968750	-11.300184	-7.533456
993	104.500000	23.906250	-11.151964	-7.434643
994	104.500000	24.843750	-10.996009	-7.330673
995	104.500000	25.781250	-10.813891	-7.209260
996	104.500000	26.718750	-10.591884	-7.061256
997	104.500000	27.656250	-10.322205	-6.881470
998	104.500000	28.593750	-10.001945	-6.667963
999	104.500000	29.531250	-9.631847	-6.421231
1000	104.500000	30.468750	-9.215752	-6.143834
1001	104.500000	31.406250	-8.760886	-5.840591
1002	104.500000	32.343750	-8.278868	-5.519245
1003	104.500000	33.281250	-7.786860	-5.191240
1004	104.500000	34.218750	-7.307273	-4.871516
1005	104.500000	35.156250	-6.863286	-4.575524
1006	104.500000	36.093750	-6.475534	-4.317023
1007	104.500000	37.031250	-6.290896	-4.193931
1008	104.843750	37.500000	-0.063966	-0.042644
1009	105.531250	37.500000	-0.045556	-0.030371
1010	106.218750	37.500000	-0.195231	-0.130154
1011	106.906250	37.500000	-0.372209	-0.248140
1012	107.593750	37.500000	-0.548227	-0.365485
1013	108.281250	37.500000	-0.722437	-0.481625
1014	108.968750	37.500000	-0.921391	-0.614261
1015	109.656250	37.500000	-1.284100	-0.856066
1016	110.000000	37.031250	2.723765	1.815844
1017	110.000000	36.093750	2.356684	1.571123
1018	110.000000	35.156250	1.945907	1.297271
1019	110.000000	34.218750	1.724272	1.149515
1020	110.000000	33.281250	1.693317	1.128878
1021	110.000000	32.343750	1.803431	1.202287
1022	110.000000	31.406250	1.999550	1.333034
1023	110.000000	30.468750	2.238768	1.492512
1024	110.000000	29.531250	2.493367	1.662245
1025	110.000000	28.593750	2.748433	1.832289
1026	110.000000	27.656250	2.998657	1.999105
1027	110.000000	26.718750	3.245765	2.163843
1028	110.000000	25.781250	3.496606	2.331070
1029	110.000000	24.843750	3.761272	2.507515
1030	110.000000	23.906250	4.049864	2.699909
1031	110.000000	22.968750	4.365570	2.910380
1032	110.000000	22.031250	4.692307	3.128205
1033	110.000000	21.093750	4.961657	3.307771
1034	110.000000	20.156250	5.053997	3.369331
1035	110.000000	19.218750	5.284220	3.522813
1036	110.000000	18.281250	5.291212	3.527475
1037	110.000000	17.343750	5.217625	3.478416
1038	110.000000	16.406250	5.098845	3.399230
1039	110.000000	15.468750	4.939043	3.292695
1040	110.000000	14.531250	4.732471	3.154980
1041	110.000000	13.593750	4.472930	2.981953
1042	110.000000	12.656250	4.157639	2.771760
1043	110.000000	11.718750	3.788167	2.525445
1044	110.000000	10.781250	3.370907	2.247271
1045	110.000000	9.843750	2.918439	1.945626
1046	110.000000	8.906250	2.452263	1.634842
1047	110.000000	7.968750	2.006607	1.337738
1048	110.000000	7.031250	1.631242	1.087495
1049	110.000000	6.093750	1.387522	0.925015
1050	110.000000	5.156250	1.327461	0.884974
1051	110.000000	4.218750	1.436313	0.957542
1052	110.000000	3.281250	1.451161	0.967441
1053	110.000000	2.343750	1.559608	1.039739
1054	110.000000	1.406250	1.635410	1.090273
1055	110.000000	0.468750	1.537933	1.025288
1056	110.281250	0.000000	0.499733	0.333155
1057	110.843750	0.000000	0.577441	0.384961
1058	111.406250	0.000000	0.583941	0.389294
1059	111.968750	0.000000	0.506658	0.337772
1060	112.531250	0.000000	0.336921	0.224614
1061	113.093750	0.000000	0.067213	0.044809
1062	113.656250	0.000000	-0.306249	-0.204166
1063	114.218750	0.000000	-0.775270	-0.516847
1064	114.500000	0.468750	1.417205	0.944803
1065	114.500000	1.406250	0.858864	0.572576
1066	114.500000	2.343750	0.069736	0.046491
1067	114.500000	3.281250	-0.692160	-0.461440
1068	114.500000	4.218750	-1.272302	-0.848202
1069	114.500000	5.156250	-2.162303	-1.441535
1070	114.500000	6.093750	-2.894816	-1.929877
1071	114.500000	7.031250	-3.420383	-2.280256
1072	114.500000	7.968750	-3.778883	-2.519255
1073	114.500000	8.906250	-4.023803	-2.682535
1074	114.500000	9.843750	-4.199113	-2.799409
1075	114.500000	10.781250	-4.333626	-2.889084
1076	114.500000	11.718750	-4.442476	-2.961650
1077	114.500000	12.656250	-4.530139	-3.020093
1078	114.500000	13.593750	-4.593091	-3.062061
1079	114.500000	14.531250	-4.621871	-3.081247
1080	114.500000	15.468750	-4.603127	-3.068752
1081	114.500000	16.406250	-4.522887	-3.015258
1082	114.500000	17.343750	-4.373206	-2.915471
1083	114.500000	18.281250	-4.164549	-2.776366
1084	114.500000	19.218750	-3.959721	-2.639814
1085	114.500000	20.156250	-4.031786	-2.687857
1086	114.500000	21.093750	-3.671931	-2.447954
1087	114.500000	22.031250	-3.569283	-2.379522
1088	114.500000	22.968750	-3.564230	-2.376153
1089	114.500000	23.906250	-3.578079	-2.385386
1090	114.500000	24.843750	-3.600812	-2.400542
1091	114.500000	25.781250	-3.634744	-2.423162
1092	114.500000	26.718750	-3.683764	-2.455843
1093	114.500000	27.656250	-3.749232	-2.499488
1094	114.500000	28.593750	-3.829330	-2.552887
1095	114.500000	29.531250	-3.919040	-2.612693
1096	114.500000	30.468750	-4.009162	-2.672774
1097	114.500000	31.406250	-4.083726	-2.722484
1098	114.500000	32.343750	-4.115968	-2.743979
1099	114.500000	33.281250	-4.064520	-2.709680
1100	114.500000	34.218750	-3.874878	-2.583252
1101	114.500000	35.156250	-3.496114	-2.330742
1102	114.500000	36.093750	-2.934498	-1.956332
1103	114.500000	37.031250	-2.575738	-1.717159
1104	114.843750	37.500000	-2.139174	-1.426116
1105	115.531250	37.500000	-1.834013	-1.222676
1106	116.218750	37.500000	-1.862392	-1.241595
1107	116.906250	37.500000	-1.945209	-1.296806
1108	117.593750	37.500000	-2.027745	-1.351830
1109	118.281250	37.500000	-2.109448	-1.406299
1110	118.968750	37.500000	-2.243915	-1.495943
1111	119.656250	37.500000	-2.709053	-1.806035
1112	120.000000	37.031250	-4.164210	-2.776140
1113	120.000000	36.093750	-4.747609	-3.165073
1114	120.000000	35.156250	-5.553257	-3.702172
1115	120.000000	34.218750	-6.196535	-4.131023
1116	120.000000	33.281250	-6.672113	-4.448075
1117	120.000000	32.343750	-7.031609	-4.687739
1118	120.000000	31.406250	-7.329823	-4.886549
1119	120.000000	30.468750	-7.607811	-5.071874
1120	120.000000	29.531250	-7.891101	-5.260734
1121	120.000000	28.593750	-8.193022	-5.462015
1122	120.000000	27.656250	-8.517986	-5.678657
1123	120.000000	26.718750	-8.862918	-5.908612
1124	120.000000	25.781250	-9.216515	-6.144343
1125	120.000000	24.843750	-9.556973	-6.371315
1126	120.000000	23.906250	-9.850447	-6.566965
1127	120.000000	22.968750	-10.055622	-6.703748
1128	120.000000	22.031250	-10.143005	-6.762003
1129	120.000000	21.093750	-10.173197	-6.782131
1130	120.000000	20.156250	-10.336748	-6.891165
1131	120.000000	19.218750	-10.027372	-6.684915
1132	120.000000	18.281250	-10.046399	-6.697599
1133	120.000000	17.343750	-10.170987	-6.780658
1134	120.000000	16.406250	-10.334087	-6.889391
1135	120.000000	15.468750	-10.490090	-6.993393
1136	120.000000	14.531250	-10.606884	-7.071256
1137	120.000000	13.593750	-10.666403	-7.110936
1138	120.000000	12.656250	-10.660754	-7.107170
1139	120.000000	11.718750	-10.587799	-7.058532
1140	120.000000	10.781250	-10.447597	-6.965065
1141	120.000000	9.843750	-10.239772	-6.826515
1142	120.000000	8.906250	-9.961502	-6.641001
1143	120.000000	7.968750	-9.606042	-6.404028
1144	120.000000	7.031250	-9.162274	-6.108183
1145	120.000000	6.093750	-8.617102	-5.744735
1146	120.000000	5.156250	-7.964766	-5.309844
1147	120.000000	4.218750	-7.255958	-4.837305
1148	120.000000	3.281250	-6.904140	-4.602760
1149	120.000000	2.343750	-6.324064	-4.216043
1150	120.000000	1.406250	-5.590076	-3.726718
1151	120.000000	0.468750	-4.933155	-3.288770
1152	120.281250	0.000000	-2.139205	-1.426137
1153	120.843750	0.000000	-1.870884	-1.247256
1154	121.406250	0.000000	-1.663725	-1.109150
1155	121.968750	0.000000	-1.513756	-1.009171
1156	122.531250	0.000000	-1.402292	-0.934861
1157	123.093750	0.000000	-1.305969	-0.870646
1158	123.656250	0.000000	-1.204496	-0.802998
1159	124.218750	0.000000	-1.087028	-0.724685
1160	124.500000	0.468750	6.019093	4.012729
1161	124.500000	1.406250	6.571054	4.380702
1162	124.500000	2.343750	7.068103	4.712069
1163	124.500000	3.281250	7.414125	4.942750
1164	124.500000	4.218750	7.630938	5.087292
1165	124.500000	5.156250	8.080209	5.386806
1166	124.500000	6.093750	8.594582	5.729721
1167	124.500000	7.031250	9.147019	6.098013
1168	124.500000	7.968750	9.714340	6.476227
1169	124.500000	8.906250	10.272491	6.848327
1170	124.500000	9.843750	10.801924	7.201283
1171	124.500000	10.781250	11.288242	7.525495
1172	124.500000	11.718750	11.720665	7.813776
1173	124.500000	12.656250	12.090034	8.060023
1174	124.500000	13.593750	12.386845	8.257897
1175	124.500000	14.531250	12.599213	8.399476
1176	124.500000	15.468750	12.710626	8.473751
1177	124.500000	16.406250	12.697606	8.465071
1178	124.500000	17.343750	12.528657	8.352438
1179	124.500000	18.281250	12.169191	8.112794
1180	124.500000	19.218750	11.614137	7.742758
1181	124.500000	20.156250	11.136998	7.424665
1182	124.500000	21.093750	10.629568	7.086378
1183	124.500000	22.031250	9.788811	6.525874
1184	124.500000	22.968750	9.005445	6.003630
1185	124.500000	23.906250	8.344925	5.563283
1186	124.500000	24.843750	7.789601	5.193067
1187	124.500000	25.781250	7.302769	4.868513
1188	124.500000	26.718750	6.850301	4.566867
1189	124.500000	27.656250	6.407934	4.271956
1190	124.500000	28.593750	5.961985	3.974657
1191	124.500000	29.531250	5.508532	3.672355
1192	124.500000	30.468750	5.053281	3.368854
1193	124.500000	31.406250	4.612778	3.075185
1194	124.500000	32.343750	4.216790	2.811193
1195	124.500000	33.281250	3.910239	2.606826
1196	124.500000	34.218750	3.749939	2.499960
1197	124.500000	35.156250	3.786905	2.524603
1198	124.500000	36.093750	4.020642	2.680428
1199	124.500000	37.031250	4.219026	2.812684
1200	124.843750	37.500000	-2.818185	-1.878790
1201	125.531250	37.500000	-2.529378	-1.686252
1202	126.218750	37.500000	-2.387369	-1.591579
1203	126.906250	37.500000	-2.252464	-1.501643
1204	127.593750	37.500000	-2.097827	-1.398551
1205	128.281250	37.500000	-1.924432	-1.282954
1206	128.968750	37.500000	-1.761066	-1.174044
1207	129.656250	37.500000	-1.749390	-1.166260
1208	130.000000	37.031250	-7.549494	-5.032996
1209	130.000000	36.093750	-7.818217	-5.212145
1210	130.000000	35.156250	-8.288594	-5.525730
1211	130.000000	34.218750	-8.813023	-5.875349
1212	130.000000	33.281250	-9.370093	-6.246729
1213	130.000000	32.343750	-9.935775	-6.623850
1214	130.000000	31.406250	-10.486660	-6.991106
1215	130.000000	30.468750	-11.004296	-7.336197
1216	130.000000	29.531250	-11.475190	-7.650127
1217	130.000000	28.593750	-11.889093	-7.926062
1218	130.000000	27.656250	-12.236995	-8.157996
1219	130.000000	26.718750	-12.509159	-8.339439
1220	130.000000	25.781250	-12.693057	-8.462038
1221	130.000000	24.843750	-12.771070	-8.514046
1222	130.000000	23.906250	-12.718226	-8.478817
1223	130.000000	22.968750	-12.501808	-8.334539
1224	130.000000	22.031250	-12.088680	-8.059120
1225	130.000000	21.093750	-11.497951	-7.665301
1226	130.000000	20.156250	-11.060152	-7.373435
1227	130.000000	19.218750	-10.447506	-6.965004
1228	130.000000	18.281250	-9.587818	-6.391878
1229	130.000000	17.343750	-8.815689	-5.877126
1230	130.000000	16.406250	-8.166577	-5.444385
1231	130.000000	15.468750	-7.616463	-5.077642
1232	130.000000	14.531250	-7.128140	-4.752093
1233	130.000000	13.593750	-6.669306	-4.446204
1234	130.000000	12.656250	-6.217970	-4.145313
1235	130.000000	11.718750	-5.762561	-3.841707
1236	130.000000	10.781250	-5.301141	-3.534094
1237	130.000000	9.843750	-4.841511	-3.227674
1238	130.000000	8.906250	-4.402702	-2.935135
1239	130.000000	7.968750	-4.017465	-2.678310
1240	130.000000	7.031250	-3.733686	-2.489124
1241	130.000000	6.093750	-3.609099	-2.406066
1242	130.000000	5.156250	-3.689380	-2.459587
1243	130.000000	4.218750	-3.950398	-2.633599
1244	130.000000	3.281250	-4.117378	-2.744919
1245	130.000000	2.343750	-4.364999	-2.909999
1246	130.000000	1.406250	-4.554913	-3.036609
1247	130.000000	0.468750	-4.536968	-3.024646
1248	130.281250	0.000000	-1.787531	-1.191687
1249	130.843750	0.000000	-1.948795	-1.299197
1250	131.406250	0.000000	-2.034781	-1.356521
1251	131.968750	0.000000	-2.033492	-1.355661
1252	132.531250	0.000000	-1.936867	-1.291245
1253	133.093750	0.000000	-1.737999	-1.158666
1254	133.656250	0.000000	-1.433677	-0.955784
1255	134.218750	0.000000	-1.032592	-0.688395
1256	134.500000	0.468750	1.965586	1.310391
1257	134.500000	1.406250	2.513805	1.675870
1258	134.500000	2.343750	3.254616	2.169744
1259	134.500000	3.281250	3.942200	2.628133
1260	134.500000	4.218750	4.438107	2.958738
1261	134.500000	5.156250	5.251167	3.500778
1262	134.500000	6.093750	5.929452	3.952968
1263	134.500000	7.031250	6.434976	4.289984
1264	134.500000	7.968750	6.814395	4.542930
1265	134.500000	8.906250	7.123932	4.749288
1266	134.500000	9.843750	7.407820	4.938546
1267	134.500000	10.781250	7.694444	5.129629
1268	134.500000	11.718750	7.999206	5.332804
1269	134.500000	12.656250	8.328035	5.552023
1270	134.500000	13.593750	8.679247	5.786164
1271	134.500000	14.531250	9.043219	6.028813
1272	134.500000	15.468750	9.400316	6.266877
1273	134.500000	16.406250	9.718892	6.479261
1274	134.500000	17.343750	9.958034	6.638690
1275	134.500000	18.281250	10.083099	6.722066
1276	134.500000	19.218750	10.117089	6.744726
1277	134.500000	20.156250	10.327644	6.885096
1278	134.500000	21.093750	10.049222	6.699481
1279	134.500000	22.031250	10.034435	6.689623
1280	134.500000	22.968750	10.158328	6.772219
1281	134.500000	23.906250	10.330408	6.886939
1282	134.500000	24.843750	10.502841	7.001894
1283	134.500000	25.781250	10.640393	7.093596
1284	134.500000	26.718750	10.722302	7.148201
1285	134.500000	27.656250	10.738894	7.159262
1286	134.500000	28.593750	10.687101	7.124734
1287	134.500000	29.531250	10.566705	7.044470
1288	134.500000	30.468750	10.377538	6.918359
1289	134.500000	31.406250	10.117370	6.744914
1290	134.500000	32.343750	9.780312	6.520208
1291	134.500000	33.281250	9.356067	6.237378
1292	134.500000	34.218750	8.831526	5.887684
1293	134.500000	35.156250	8.198152	5.465435
1294	134.500000	36.093750	7.482050	4.988033
1295	134.500000	37.031250	7.040151	4.693434
1296	134.843750	37.500000	-0.253165	-0.168776
1297	135.531250	37.500000	-0.424305	-0.282870
1298	136.218750	37.500000	-0.267972	-0.178648
1299	136.906250	37.500000	-0.065007	-0.043338
1300	137.593750	37.500000	0.128750	0.085833
1301	138.281250	37.500000	0.312272	0.208182
1302	138.968750	37.500000	0.539315	0.359544
1303	139.656250	37.500000	1.088561	0.725707
1304	140.000000	37.031250	0.720273	0.480182
1305	140.000000	36.093750	1.376670	0.917780
1306	140.000000	35.156250	2.247434	1.498289
1307	140.000000	34.218750	2.933375	1.955583
1308	140.000000	33.281250	3.418773	2.279182
1309	140.000000	32.343750	3.749482	2.499655
1310	140.000000	31.406250	3.978269	2.652179
1311	140.000000	30.468750	4.146222	2.764148
1312	140.000000	29.531250	4.279214	2.852809
1313	140.000000	28.593750	4.389985	2.926657
1314	140.000000	27.656250	4.481173	2.987449
1315	140.000000	26.718750	4.547828	3.031885
1316	140.000000	25.781250	4.579415	3.052943
1317	140.000000	24.843750	4.561982	3.041321
1318	140.000000	23.906250	4.481900	2.987933
1319	140.000000	22.968750	4.333512	2.889008
1320	140.000000	22.031250	4.132916	2.755277
1321	140.000000	21.093750	3.975625	2.650417
1322	140.000000	20.156250	4.047443	2.698295
1323	140.000000	19.218750	3.690665	2.460444
1324	140.000000	18.281250	3.644917	2.429944
1325	140.000000	17.343750	3.661695	2.441130
1326	140.000000	16.406250	3.692867	2.461911
1327	140.000000	15.468750	3.731972	2.487981
1328	140.000000	14.531250	3.782033	2.521355
1329	140.000000	13.593750	3.846409	2.564273
1330	140.000000	12.656250	3.925650	2.617100
1331	140.000000	11.718750	4.017168	2.678112
1332	140.000000	10.781250	4.115115	2.743410
1333	140.000000	9.843750	4.209104	2.806069
1334	140.000000	8.906250	4.281297	2.854198
1335	140.000000	7.968750	4.302209	2.868140
1336	140.000000	7.031250	4.227408	2.818272
1337	140.000000	6.093750	4.001072	2.667381
1338	140.000000	5.156250	3.577354	2.384902
1339	140.000000	4.218750	2.995316	1.996877
1340	140.000000	3.281250	2.708128	1.805418
1341	140.000000	2.343750	2.208302	1.472202
1342	140.000000	1.406250	1.635678	1.090452
1343	140.000000	0.468750	1.237475	0.824984
1344	140.281250	0.000000	-0.268129	-0.178753
1345	140.843750	0.000000	-0.536552	-0.357701
1346	141.406250	0.000000	-0.712908	-0.475272
1347	141.968750	0.000000	-0.789237	-0.526158
1348	142.531250	0.000000	-0.769461	-0.512974
1349	143.093750	0.000000	-0.661178	-0.440785
1350	143.656250	0.000000	-0.473101	-0.315401
1351	144.218750	0.000000	-0.217836	-0.145224
1352	144.500000	0.468750	-3.766656	-2.511104
1353	144.500000	1.406250	-3.668668	-2.445779
1354	144.500000	2.343750	-3.351335	-2.234223
1355	144.500000	3.281250	-2.964515	-1.976344
1356	144.500000	4.218750	-2.646458	-1.764306
1357	144.500000	5.156250	-2.222633	-1.481756
1358	144.500000	6.093750	-1.968271	-1.312181
1359	144.500000	7.031250	-1.908320	-1.272213
1360	144.500000	7.968750	-1.998319	-1.332213
1361	144.500000	8.906250	-2.182156	-1.454770
1362	144.500000	9.843750	-2.413904	-1.609270
1363	144.500000	10.781250	-2.662929	-1.775286
1364	144.500000	11.718750	-2.912067	-1.941378
1365	144.500000	12.656250	-3.154408	-2.102939
1366	144.500000	13.593750	-3.390571	-2.260381
1367	144.500000	14.531250	-3.626694	-2.417796
1368	144.500000	15.468750	-3.872623	-2.581748
1369	144.500000	16.406250	-4.139103	-2.759402
1370	144.500000	17.343750	-4.431804	-2.954536
1371	144.500000	18.281250	-4.740049	-3.160032
1372	144.500000	19.218750	-5.014713	-3.343142
1373	144.500000	20.156250	-5.092938	-3.395292
1374	144.500000	21.093750	-5.311619	-3.541079
1375	144.500000	22.031250	-5.331254	-3.554169
1376	144.500000	22.968750	-5.250207	-3.500138
1377	144.500000	23.906250	-5.121744	-3.414496
1378	144.500000	24.843750	-4.954008	-3.302672
1379	144.500000	25.781250	-4.742553	-3.161702
1380	144.500000	26.718750	-4.481054	-2.987369
1381	144.500000	27.656250	-4.166119	-2.777412
1382	144.500000	28.593750	-3.798569	-2.532379
1383	144.500000	29.531250	-3.383867	-2.255911
1384	144.500000	30.468750	-2.933231	-1.955487
1385	144.500000	31.406250	-2.466091	-1.644061
1386	144.500000	32.343750	-2.013767	-1.342511
1387	144.500000	33.281250	-1.622798	-1.081865
1388	144.500000	34.218750	-1.353039	-0.902026
1389	144.500000	35.156250	-1.261055	-0.840704
1390	144.500000	36.093750	-1.354905	-0.903270
1391	144.500000	37.031250	-1.413636	-0.942424
1392	144.843750	37.500000	1.764061	1.176041
1393	145.531250	37.500000	1.576282	1.050855
1394	146.218750	37.500000	1.548801	1.032534
1395	146.906250	37.500000	1.543146	1.028764
1396	147.593750	37.500000	1.533015	1.022010
1397	148.281250	37.500000	1.519166	1.012777
1398	148.968750	37.500000	1.529407	1.019604
1399	149.656250	37.500000	1.703678	1.135786
1400	150.000000	37.031250	5.115787	3.410524
1401	150.000000	36.093750	5.506262	3.670842
1402	150.000000	35.156250	6.068852	4.045902
1403	150.000000	34.218750	6.639316	4.426211
1404	150.000000	33.281250	7.203939	4.802626
1405	150.000000	32.343750	7.757789	5.171859
1406	150.000000	31.406250	8.296287	5.530858
1407	150.000000	30.468750	8.815030	5.876687
1408	150.000000	29.531250	9.310083	6.206722
1409	150.000000	28.593750	9.778209	6.518806
1410	150.000000	27.656250	10.216785	6.811190
1411	150.000000	26.718750	10.623255	7.082170
1412	150.000000	25.781250	10.993973	7.329315
1413	150.000000	24.843750	11.322454	7.548303
1414	150.000000	23.906250	11.597438	7.731626
1415	150.000000	22.968750	11.802221	7.868148
1416	150.000000	22.031250	11.918848	7.945899
1417	150.000000	21.093750	11.962869	7.975246
1418	150.000000	20.156250	12.009522	8.006348
1419	150.000000	19.218750	11.748693	7.832462
1420	150.000000	18.281250	11.596519	7.731013
1421	150.000000	17.343750	11.466024	7.644016
1422	150.000000	16.406250	11.339920	7.559946
1423	150.000000	15.468750	11.199877	7.466585
1424	150.000000	14.531250	11.027683	7.351789
1425	150.000000	13.593750	10.810483	7.206988
1426	150.000000	12.656250	10.541311	7.027540
1427	150.000000	11.718750	10.217882	6.811921
1428	150.000000	10.781250	9.841463	6.560976
1429	150.000000	9.843750	9.416488	6.277659
1430	150.000000	8.906250	8.950997	5.967331
1431	150.000000	7.968750	8.457740	5.638493
1432	150.000000	7.031250	7.955205	5.303470
1433	150.000000	6.093750	7.466708	4.977805
1434	150.000000	5.156250	7.014878	4.676585
1435	150.000000	4.218750	6.626323	4.417548
1436	150.000000	3.281250	6.468057	4.312038
1437	150.000000	2.343750	6.178150	4.118767
1438	150.000000	1.406250	5.734589	3.823060
1439	150.000000	0.468750	5.233362	3.488908
1440	150.281250	0.000000	0.888835	0.592557
1441	150.843750	0.000000	0.751813	0.501209
1442	151.406250	0.000000	0.622145	0.414763
1443	151.968750	0.000000	0.489447	0.326298
1444	152.531250	0.000000	0.333913	0.222609
1445	153.093750	0.000000	0.132684	0.088456
1446	153.656250	0.000000	-0.132420	-0.088280
1447	154.218750	0.000000	-0.464865	-0.309910
1448	154.500000	0.468750	-4.289559	-2.859706
1449	154.500000	1.406250	-4.971445	-3.314297
1450	154.500000	2.343750	-5.737472	-3.824981
1451	154.500000	3.281250	-6.357680	-4.238454
1452	154.500000	4.218750	-6.758901	-4.505934
1453	154.500000	5.156250	-7.527744	-5.018496
1454	154.500000	6.093750	-8.252324	-5.501549
1455	154.500000	7.031250	-8.883765	-5.922510
1456	154.500000	7.968750	-9.429896	-6.286597
1457	154.500000	8.906250	-9.906108	-6.604072
1458	154.500000	9.843750	-10.325951	-6.883967
1459	154.500000	10.781250	-10.698497	-7.132331
1460	154.500000	11.718750	-11.028281	-7.352187
1461	154.500000	12.656250	-11.315820	-7.543880
1462	154.500000	13.593750	-11.557897	-7.705265
1463	154.500000	14.531250	-11.747405	-7.831603
1464	154.500000	15.468750	-11.872869	-7.915246
1465	154.500000	16.406250	-11.918323	-7.945549
1466	154.500000	17.343750	-11.865383	-7.910255
1467	154.500000	18.281250	-11.701344	-7.800896
1468	154.500000	19.218750	-11.457646	-7.638431
1469	154.500000	20.156250	-11.454712	-7.636475
1470	154.500000	21.093750	-11.087462	-7.391641
1471	154.500000	22.031250	-10.712371	-7.141581
1472	154.500000	22.968750	-10.404309	-6.936206
1473	154.500000	23.906250	-10.136844	-6.757896
1474	154.500000	24.843750	-9.891723	-6.594482
1475	154.500000	25.781250	-9.650459	-6.433639
1476	154.500000	26.718750	-9.398664	-6.265776
1477	154.500000	27.656250	-9.126646	-6.084431
1478	154.500000	28.593750	-8.828539	-5.885692
1479	154.500000	29.531250	-8.501228	-5.667485
1480	154.500000	30.468750	-8.143486	-5.428991
1481	154.500000	31.406250	-7.755361	-5.170241
1482	154.500000	32.343750	-7.337816	-4.891878
1483	154.500000	33.281250	-6.892631	-4.595087
1484	154.500000	34.218750	-6.422584	-4.281722
1485	154.500000	35.156250	-5.932219	-3.954812
1486	154.500000	36.093750	-5.436653	-3.624435
1487	154.500000	37.031250	-5.103218	-3.402145
1488	154.843750	37.500000	1.564921	1.043281
1489	155.531250	37.500000	1.692673	1.128449
1490	156.218750	37.500000	1.644808	1.096539
1491	156.906250	37.500000	1.560963	1.040642
1492	157.593750	37.500000	1.468687	0.979124
1493	158.281250	37.500000	1.368547	0.912365
1494	158.968750	37.500000	1.234138	0.822758
1495	159.656250	37.500000	0.926972	0.617981
1496	160.000000	37.031250	1.500764	1.000509
1497	160.000000	36.093750	1.272168	0.848112
1498	160.000000	35.156250	0.958368	0.638912
1499	160.000000	34.218750	0.767967	0.511978
1500	160.000000	33.281250	0.704654	0.469769
1501	160.000000	32.343750	0.734518	0.489678
1502	160.000000	31.406250	0.819354	0.546236
1503	160.000000	30.468750	0.928478	0.618986
1504	160.000000	29.531250	1.040578	0.693718
1505	160.000000	28.593750	1.141819	0.761213
1506	160.000000	27.656250	1.223340	0.815560
1507	160.000000	26.718750	1.279078	0.852718
1508	160.000000	25.781250	1.303971	0.869314
1509	160.000000	24.843750	1.292168	0.861445
1510	160.000000	23.906250	1.234678	0.823119
1511	160.000000	22.968750	1.116130	0.744086
1512	160.000000	22.031250	0.911937	0.607958
1513	160.000000	21.093750	0.574165	0.382776
1514	160.000000	20.156250	0.149481	0.099654
1515	160.000000	19.218750	-0.015953	-0.010635
1516	160.000000	18.281250	-0.507048	-0.338032
1517	160.000000	17.343750	-0.970632	-0.647088
1518	160.000000	16.406250	-1.352839	-0.901892
1519	160.000000	15.468750	-1.659029	-1.106019
1520	160.000000	14.531250	-1.908564	-1.272376
1521	160.000000	13.593750	-2.120181	-1.413454
1522	160.000000	12.656250	-2.306752	-1.537835
1523	160.000000	11.718750	-2.474221	-1.649481
1524	160.000000	10.781250	-2.621387	-1.747592
1525	160.000000	9.843750	-2.739015	-1.826010
1526	160.000000	8.906250	-2.807817	-1.871878
1527	160.000000	7.968750	-2.795686	-1.863791
1528	160.000000	7.031250	-2.656261	-1.770840
1529	160.000000	6.093750	-2.334477	-1.556318
1530	160.000000	5.156250	-1.789573	-1.193049
1531	160.000000	4.218750	-1.070676	-0.713784
1532	160.000000	3.281250	-0.645218	-0.430146
1533	160.000000	2.343750	-0.021987	-0.014658
1534	160.000000	1.406250	0.643876	0.429251
1535	160.000000	0.468750	1.093590	0.729060
1536	160.281250	0.000000	-0.060508	-0.040339
1537	160.843750	0.000000	0.304713	0.203142
1538	161.406250	0.000000	0.573384	0.382256
1539	161.968750	0.000000	0.737620	0.491747
1540	162.531250	0.000000	0.801499	0.534333
1541	163.093750	0.000000	0.772818	0.515212
1542	163.656250	0.000000	0.660510	0.440340
1543	164.218750	0.000000	0.477395	0.318263
1544	164.500000	0.468750	1.603635	1.069090
1545	164.500000	1.406250	1.555530	1.037020
1546	164.500000	2.343750	1.317768	0.878512
1547	164.500000	3.281250	1.030522	0.687014
1548	164.500000	4.218750	0.819770	0.546513
1549	164.500000	5.156250	0.497901	0.331934
1550	164.500000	6.093750	0.328139	0.218759
1551	164.500000	7.031250	0.325940	0.217293
1552	164.500000	7.968750	0.440479	0.293652
1553	164.500000	8.906250	0.612164	0.408109
1554	164.500000	9.843750	0.793664	0.529109
1555	164.500000	10.781250	0.953976	0.635984
1556	164.500000	11.718750	1.075766	0.717178
1557	164.500000	12.656250	1.151772	0.767848
1558	164.500000	13.593750	1.182413	0.788275
1559	164.500000	14.531250	1.174993	0.783329
1560	164.500000	15.468750	1.144048	0.762699
1561	164.500000	16.406250	1.111294	0.740863
1562	164.500000	17.343750	1.101720	0.734480
1563	164.500000	18.281250	1.130769	0.753846
1564	164.500000	19.218750	1.173435	0.782290
1565	164.500000	20.156250	1.074210	0.716140
1566	164.500000	21.093750	1.153069	0.768713
1567	164.500000	22.031250	1.043166	0.695444
1568	164.500000	22.968750	0.829220	0.552814
1569	164.500000	23.906250	0.573072	0.382048
1570	164.500000	24.843750	0.303268	0.202179
1571	164.500000	25.781250	0.034443	0.022962
1572	164.500000	26.718750	-0.228164	-0.152109
1573	164.500000	27.656250	-0.484044	-0.322696
1574	164.500000	28.593750	-0.733967	-0.489311
1575	164.500000	29.531250	-0.977424	-0.651616
1576	164.500000	30.468750	-1.210381	-0.806921
1577	164.500000	31.406250	-1.422881	-0.948587
1578	164.500000	32.343750	-1.596453	-1.064302
1579	164.500000	33.281250	-1.702236	-1.134824
1580	164.500000	34.218750	-1.702914	-1.135276
1581	164.500000	35.156250	-1.564652	-1.043101
1582	164.500000	36.093750	-1.290564	-0.860376
1583	164.500000	37.031250	-1.088222	-0.725482
1584	164.843750	37.500000	0.185236	0.123491
1585	165.531250	37.500000	0.311863	0.207908
1586	166.218750	37.500000	0.276106	0.184071
1587	166.906250	37.500000	0.217740	0.145160
1588	167.593750	37.500000	0.164041	0.109360
1589	168.281250	37.500000	0.114876	0.076584
1590	168.968750	37.500000	0.042724	0.028483
1591	169.656250	37.500000	-0.192404	-0.128269
1592	170.000000	37.031250	-2.792574	-1.861716
1593	170.000000	36.093750	-3.143752	-2.095834
1594	170.000000	35.156250	-3.667523	-2.445015
1595	170.000000	34.218750	-4.193051	-2.795368
1596	170.000000	33.281250	-4.702321	-3.134881
1597	170.000000	32.343750	-5.188622	-3.459081
1598	170.000000	31.406250	-5.647633	-3.765088
1599	170.000000	30.468750	-6.076322	-4.050881
1600	170.000000	29.531250	-6.472247	-4.314831
1601	170.000000	28.593750	-6.833032	-4.555355
1602	170.000000	27.656250	-7.156054	-4.770703
1603	170.000000	26.718750	-7.438346	-4.958897
1604	170.000000	25.781250	-7.676777	-5.117851
1605	170.000000	24.843750	-7.868511	-5.245674
1606	170.000000	23.906250	-8.011743	-5.341162
1607	170.000000	22.968750	-8.106603	-5.404402
1608	170.000000	22.031250	-8.156651	-5.437768
1609	170.000000	21.093750	-8.193356	-5.462237
1610	170.000000	20.156250	-8.287813	-5.525209
1611	170.000000	19.218750	-8.102210	-5.401473
1612	170.000000	18.281250	-8.019624	-5.346416
1613	170.000000	17.343750	-7.937855	-5.291903
1614	170.000000	16.406250	-7.846531	-5.231021
1615	170.000000	15.468750	-7.744294	-5.162863
1616	170.000000	14.531250	-7.627935	-5.085290
1617	170.000000	13.593750	-7.492910	-4.995273
1618	170.000000	12.656250	-7.334364	-4.889576
1619	170.000000	11.718750	-7.148073	-4.765382
1620	170.000000	10.781250	-6.931125	-4.620750
1621	170.000000	9.843750	-6.682276	-4.454850
1622	170.000000	8.906250	-6.401973	-4.267982
1623	170.000000	7.968750	-6.092099	-4.061399
1624	170.000000	7.031250	-5.755549	-3.837033
1625	170.000000	6.093750	-5.395847	-3.597231
1626	170.000000	5.156250	-5.017571	-3.345048
1627	170.000000	4.218750	-4.643824	-3.095882
1628	170.000000	3.281250	-4.463975	-2.975983
1629	170.000000	2.343750	-4.157532	-2.771688
1630	170.000000	1.406250	-3.737712	-2.491808
1631	170.000000	0.468750	-3.310906	-2.207271
1632	170.281250	0.000000	-0.100410	-0.066940
1633	170.843750	0.000000	0.042816	0.028544
1634	171.406250	0.000000	0.161087	0.107391
1635	171.968750	0.000000	0.258939	0.172626
1636	172.531250	0.000000	0.348923	0.232615
1637	173.093750	0.000000	0.446153	0.297435
1638	173.656250	0.000000	0.563165	0.375443
1639	174.218750	0.000000	0.704463	0.469642
1640	174.500000	0.468750	3.322123	2.214749
1641	174.500000	1.406250	3.738047	2.492031
1642	174.500000	2.343750	4.155003	2.770002
1643	174.500000	3.281250	4.464206	2.976137
1644	174.500000	4.218750	4.648756	3.099170
1645	174.500000	5.156250	5.025142	3.350095
1646	174.500000	6.093750	5.400748	3.600499
1647	174.500000	7.031250	5.750748	3.833832
1648	174.500000	7.968750	6.070561	4.047041
1649	174.500000	8.906250	6.358066	4.238710
1650	174.500000	9.843750	6.612533	4.408355
1651	174.500000	10.781250	6.834343	4.556229
1652	174.500000	11.718750	7.024897	4.683264
1653	174.500000	12.656250	7.186612	4.791075
1654	174.500000	13.593750	7.322879	4.881920
1655	174.500000	14.531250	7.437877	4.958585
1656	174.500000	15.468750	7.536169	5.024112
1657	174.500000	16.406250	7.622067	5.081378
1658	174.500000	17.343750	7.698855	5.132570
1659	174.500000	18.281250	7.768367	5.178911
1660	174.500000	19.218750	7.841755	5.227837
1661	174.500000	20.156250	8.022069	5.348046
1662	174.500000	21.093750	7.926869	5.284580
1663	174.500000	22.031250	7.894246	5.262831
1664	174.500000	22.968750	7.853066	5.235377
1665	174.500000	23.906250	7.771706	5.181137
1666	174.500000	24.843750	7.646549	5.097700
1667	174.500000	25.781250	7.477610	4.985073
1668	174.500000	26.718750	7.266974	4.844649
1669	174.500000	27.656250	7.017685	4.678457
1670	174.500000	28.593750	6.732734	4.488490
1671	174.500000	29.531250	6.414337	4.276225
1672	174.500000	30.468750	6.063592	4.042395
1673	174.500000	31.406250	5.680577	3.787051
1674	174.500000	32.343750	5.264899	3.509932
1675	174.500000	33.281250	4.816700	3.211134
1676	174.500000	34.218750	4.338023	2.892015
1677	174.500000	35.156250	3.834591	2.556394
1678	174.500000	36.093750	3.325155	2.216770
1679	174.500000	37.031250	2.982940	1.988627
1680	174.843750	37.500000	-0.550762	-0.367175
1681	175.531250	37.500000	-0.763014	-0.508676
1682	176.218750	37.500000	-0.806671	-0.537780
1683	176.906250	37.500000	-0.821554	-0.547703
1684	177.593750	37.500000	-0.834991	-0.556661
1685	178.281250	37.500000	-0.846887	-0.564592
1686	178.968750	37.500000	-0.829716	-0.553144
1687	179.656250	37.500000	-0.643427	-0.428951
1688	180.000000	37.031250	0.400774	0.267183
1689	180.000000	36.093750	0.630246	0.420164
1690	180.000000	35.156250	0.970425	0.646950
1691	180.000000	34.218750	1.224802	0.816535
1692	180.000000	33.281250	1.378010	0.918673
1693	180.000000	32.343750	1.441683	0.961122
1694	180.000000	31.406250	1.432985	0.955323
1695	180.000000	30.468750	1.367418	0.911612
1696	180.000000	29.531250	1.256759	0.837839
1697	180.000000	28.593750	1.109164	0.739443
1698	180.000000	27.656250	0.930056	0.620037
1699	180.000000	26.718750	0.723392	0.482262
1700	180.000000	25.781250	0.493373	0.328916
1701	180.000000	24.843750	0.246726	0.164484
1702	180.000000	23.906250	-0.004410	-0.002940
1703	180.000000	22.968750	-0.239643	-0.159762
1704	180.000000	22.031250	-0.429482	-0.286322
1705	180.000000	21.093750	-0.519135	-0.346090
1706	180.000000	20.156250	-0.435184	-0.290123
1707	180.000000	19.218750	-0.548241	-0.365494
1708	180.000000	18.281250	-0.528585	-0.352390
1709	180.000000	17.343750	-0.517454	-0.344970
1710	180.000000	16.406250	-0.532294	-0.354863
1711	180.000000	15.468750	-0.558845	-0.372563
1712	180.000000	14.531250	-0.578347	-0.385565
1713	180.000000	13.593750	-0.576843	-0.384562
1714	180.000000	12.656250	-0.547328	-0.364885
1715	180.000000	11.718750	-0.489062	-0.326041
1716	180.000000	10.781250	-0.406684	-0.271122
1717	180.000000	9.843750	-0.310186	-0.206791
1718	180.000000	8.906250	-0.215988	-0.143992
1719	180.000000	7.968750	-0.148766	-0.099178
1720	180.000000	7.031250	-0.142579	-0.095052
1721	180.000000	6.093750	-0.237439	-0.158293
1722	180.000000	5.156250	-0.464506	-0.309671
1723	180.000000	4.218750	-0.801717	-0.534478
1724	180.000000	3.281250	-1.004019	-0.669346
1725	180.000000	2.343750	-1.295631	-0.863754
1726	180.000000	1.406250	-1.580729	-1.053820
1727	180.000000	0.468750	-1.724619	-1.149746
1728	180.281250	0.000000	0.008664	0.005776
1729	180.843750	0.000000	-0.212577	-0.141718
1730	181.406250	0.000000	-0.376813	-0.251209
1731	181.968750	0.000000	-0.476671	-0.317781
1732	182.531250	0.000000	-0.510069	-0.340046
1733	183.093750	0.000000	-0.476567	-0.317711
1734	183.656250	0.000000	-0.377379	-0.251586
1735	184.218750	0.000000	-0.219050	-0.146033
1736	184.500000	0.468750	-0.210949	-0.140633
1737	184.500000	1.406250	-0.037966	-0.025311
1738	184.500000	2.343750	0.271319	0.180879
1739	184.500000	3.281250	0.584647	0.389765
1740	184.500000	4.218750	0.808704	0.539136
1741	184.500000	5.156250	1.170014	0.780010
1742	184.500000	6.093750	1.425338	0.950225
1743	184.500000	7.031250	1.553607	1.035738
1744	184.500000	7.968750	1.585845	1.057230
1745	184.500000	8.906250	1.560490	1.040327
1746	184.500000	9.843750	1.508308	1.005539
1747	184.500000	10.781250	1.448749	0.965832
1748	184.500000	11.718750	1.390940	0.927293
1749	184.500000	12.656250	1.335556	0.890371
1750	184.500000	13.593750	1.276184	0.850790
1751	184.500000	14.531250	1.199986	0.799990
1752	184.500000	15.468750	1.088016	0.725344
1753	184.500000	16.406250	0.916328	0.610885
1754	184.500000	17.343750	0.660412	0.440274
1755	184.500000	18.281250	0.306997	0.204665
1756	184.500000	19.218750	-0.114778	-0.076519
1757	184.500000	20.156250	-0.373334	-0.248889
1758	184.500000	21.093750	-0.682989	-0.455326
1759	184.500000	22.031250	-1.031659	-0.687773
1760	184.500000	22.968750	-1.287778	-0.858519
1761	184.500000	23.906250	-1.456326	-0.970884
1762	184.500000	24.843750	-1.553602	-1.035735
1763	184.500000	25.781250	-1.594216	-1.062811
1764	184.500000	26.718750	-1.588958	-1.059306
1765	184.500000	27.656250	-1.545242	-1.030161
1766	184.500000	28.593750	-1.467961	-0.978641
1767	184.500000	29.531250	-1.360459	-0.906973
1768	184.500000	30.468750	-1.225766	-0.817177
1769	184.500000	31.406250	-1.068295	-0.712197
1770	184.500000	32.343750	-0.896003	-0.597336
1771	184.500000	33.281250	-0.722515	-0.481677
1772	184.500000	34.218750	-0.567526	-0.378350
1773	184.500000	35.156250	-0.452273	-0.301515
1774	184.500000	36.093750	-0.387725	-0.258484
1775	184.500000	37.031250	-0.361360	-0.240907
1776	184.843750	37.500000	-0.559371	-0.372914
1777	185.531250	37.500000	-0.535312	-0.356875
1778	186.218750	37.500000	-0.500528	-0.333685
1779	186.906250	37.500000	-0.454537	-0.303025
1780	187.593750	37.500000	-0.397258	-0.264839
1781	188.281250	37.500000	-0.329046	-0.219364
1782	188.968750	37.500000	-0.250698	-0.167132
1783	189.656250	37.500000	-0.163447	-0.108965
1784	190.000000	37.031250	0.178784	0.119190
1785	190.000000	36.093750	0.197209	0.131473
1786	190.000000	35.156250	0.227990	0.151994
1787	190.000000	34.218750	0.276823	0.184549
1788	190.000000	33.281250	0.347598	0.231732
1789	190.000000	32.343750	0.442257	0.294838
1790	190.000000	31.406250	0.561255	0.374170
1791	190.000000	30.468750	0.704350	0.469567
1792	190.000000	29.531250	0.871440	0.580960
1793	190.000000	28.593750	1.063208	0.708805
1794	190.000000	27.656250	1.281435	0.854290
1795	190.000000	26.718750	1.528946	1.019297
1796	190.000000	25.781250	1.809129	1.206086
1797	190.000000	24.843750	2.125047	1.416698
1798	190.000000	23.906250	2.478168	1.652112
1799	190.000000	22.968750	2.866856	1.911237
1800	190.000000	22.031250	3.284764	2.189843
1801	190.000000	21.093750	3.715828	2.477219
1802	190.000000	20.156250	4.027093	2.684729
1803	190.000000	19.218750	4.238603	2.825735
1804	190.000000	18.281250	4.615716	3.077144
1805	190.000000	17.343750	4.962168	3.308112
1806	190.000000	16.406250	5.251201	3.500801
1807	190.000000	15.468750	5.475242	3.650162
1808	190.000000	14.531250	5.631406	3.754271
1809	190.000000	13.593750	5.719645	3.813097
1810	190.000000	12.656250	5.741500	3.827667
1811	190.000000	11.718750	5.699211	3.799474
1812	190.000000	10.781250	5.595210	3.730140
1813	190.000000	9.843750	5.431968	3.621312
1814	190.000000	8.906250	5.212098	3.474732
1815	190.000000	7.968750	4.938696	3.292464
1816	190.000000	7.031250	4.615851	3.077234
1817	190.000000	6.093750	4.249339	2.832892
1818	190.000000	5.156250	3.847941	2.565294
1819	190.000000	4.218750	3.441291	2.294194
1820	190.000000	3.281250	3.227238	2.151492
1821	190.000000	2.343750	2.894583	1.929722
1822	190.000000	1.406250	2.465097	1.643398
1823	190.000000	0.468750	2.051546	1.367698
1824	190.281250	0.000000	0.070936	0.047290
1825	190.843750	0.000000	-0.080861	-0.053908
1826	191.406250	0.000000	-0.205248	-0.136832
1827	191.968750	0.000000	-0.307386	-0.204924
1828	192.531250	0.000000	-0.400493	-0.266995
1829	193.093750	0.000000	-0.500360	-0.333574
1830	193.656250	0.000000	-0.620186	-0.413457
1831	194.218750	0.000000	-0.765084	-0.510056
1832	194.500000	0.468750	-2.166391	-1.444261
1833	194.500000	1.406250	-2.564310	-1.709540
1834	194.500000	2.343750	-2.983806	-1.989204
1835	194.500000	3.281250	-3.310121	-2.206747
1836	194.500000	4.218750	-3.518296	-2.345531
1837	194.500000	5.156250	-3.916093	-2.610729
1838	194.500000	6.093750	-4.303009	-2.868673
1839	194.500000	7.031250	-4.648268	-3.098845
1840	194.500000	7.968750	-4.943627	-3.295751
1841	194.500000	8.906250	-5.185188	-3.456792
1842	194.500000	9.843750	-5.371423	-3.580949
1843	194.500000	10.781250	-5.501802	-3.667868
1844	194.500000	11.718750	-5.575764	-3.717176
1845	194.500000	12.656250	-5.592119	-3.728079
1846	194.500000	13.593750	-5.548910	-3.699274
1847	194.500000	14.531250	-5.443746	-3.629164
1848	194.500000	15.468750	-5.274572	-3.516381
1849	194.500000	16.406250	-5.040874	-3.360583
1850	194.500000	17.343750	-4.745177	-3.163451
1851	194.500000	18.281250	-4.394996	-2.929997
1852	194.500000	19.218750	-4.017270	-2.678180
1853	194.500000	20.156250	-3.808475	-2.538983
1854	194.500000	21.093750	-3.503252	-2.335501
1855	194.500000	22.031250	-3.081244	-2.054162
1856	194.500000	22.968750	-2.674861	-1.783241
1857	194.500000	23.906250	-2.299625	-1.533083
1858	194.500000	24.843750	-1.961587	-1.307724
1859	194.500000	25.781250	-1.662437	-1.108291
1860	194.500000	26.718750	-1.401058	-0.934039
1861	194.500000	27.656250	-1.174806	-0.783204
1862	194.500000	28.593750	-0.980482	-0.653655
1863	194.500000	29.531250	-0.814933	-0.543288
1864	194.500000	30.468750	-0.675332	-0.450222
1865	194.500000	31.406250	-0.559219	-0.372813
1866	194.500000	32.343750	-0.464381	-0.309588
1867	194.500000	33.281250	-0.388676	-0.259118
1868	194.500000	34.218750	-0.329846	-0.219897
1869	194.500000	35.156250	-0.285389	-0.190259
1870	194.500000	36.093750	-0.252523	-0.168348
1871	194.500000	37.031250	-0.228256	-0.152171
1872	194.843750	37.500000	0.573481	0.382321
1873	195.531250	37.500000	0.650067	0.433378
1874	196.218750	37.500000	0.715292	0.476861
1875	196.906250	37.500000	0.767947	0.511965
1876	197.593750	37.500000	0.807260	0.538173
1877	198.281250	37.500000	0.832902	0.555268
1878	198.968750	37.500000	0.844981	0.563321
1879	199.656250	37.500000	0.844008	0.562672
1880	200.000000	37.031250	0.507061	0.338041
1881	200.000000	36.093750	0.550120	0.366747
1882	200.000000	35.156250	0.598829	0.399219
1883	200.000000	34.218750	0.653830	0.435887
1884	200.000000	33.281250	0.715399	0.476933
1885	200.000000	32.343750	0.783282	0.522188
1886	200.000000	31.406250	0.856521	0.571014
1887	200.000000	30.468750	0.933239	0.622159
1888	200.000000	29.531250	1.010394	0.673596
1889	200.000000	28.593750	1.083472	0.722314
1890	200.000000	27.656250	1.146113	0.764075
1891	200.000000	26.718750	1.189651	0.793101
1892	200.000000	25.781250	1.202570	0.801713
1893	200.000000	24.843750	1.169963	0.779975
1894	200.000000	23.906250	1.073408	0.715605
1895	200.000000	22.968750	0.892490	0.594993
1896	200.000000	22.031250	0.610661	0.407107
1897	200.000000	21.093750	0.231418	0.154279
1898	200.000000	20.156250	-0.100332	-0.066888
1899	200.000000	19.218750	-0.366306	-0.244204
1900	200.000000	18.281250	-0.788000	-0.525333
1901	200.000000	17.343750	-1.145676	-0.763784
1902	200.000000	16.406250	-1.415696	-0.943798
1903	200.000000	15.468750	-1.608576	-1.072384
1904	200.000000	14.531250	-1.741567	-1.161045
1905	200.000000	13.593750	-1.830303	-1.220202
1906	200.000000	12.656250	-1.886018	-1.257345
1907	200.000000	11.718750	-1.915051	-1.276701
1908	200.000000	10.781250	-1.918975	-1.279317
1909	200.000000	9.843750	-1.894702	-1.263135
1910	200.000000	8.906250	-1.834453	-1.222969
1911	200.000000	7.968750	-1.725721	-1.150481
1912	200.000000	7.031250	-1.551916	-1.034611
1913	200.000000	6.093750	-1.295438	-0.863626
1914	200.000000	5.156250	-0.946600	-0.631067
1915	200.000000	4.218750	-0.535101	-0.356734
1916	200.000000	3.281250	-0.288257	-0.192171
1917	200.000000	2.343750	0.054803	0.036535
1918	200.000000	1.406250	0.428894	0.285930
1919	200.000000	0.468750	0.705689	0.470459
1920	200.281250	0.000000	-0.189243	-0.126162
1921	200.843750	0.000000	0.034382	0.022921
1922	201.406250	0.000000	0.214775	0.143183
1923	201.968750	0.000000	0.350838	0.233892
1924	202.531250	0.000000	0.448188	0.298792
1925	203.093750	0.000000	0.514582	0.343054
1926	203.656250	0.000000	0.557316	0.371544
1927	204.218750	0.000000	0.582317	0.388211
1928	204.500000	0.445000	0.234227	0.156152
1929	204.500000	1.335000	0.350028	0.233352
1930	204.500000	2.225000	0.428127	0.285418
1931	204.500000	3.115000	0.470196	0.313464
1932	204.500000	4.005000	0.498493	0.332329
1933	204.500000	4.895000	0.544058	0.362706
1934	204.500000	5.785000	0.626178	0.417452
1935	204.500000	6.675000	0.742862	0.495241
1936	204.500000	7.565000	0.877286	0.584857
1937	204.500000	8.455000	1.009053	0.672702
1938	204.500000	9.345000	1.121250	0.747500
1939	204.500000	10.235000	1.202440	0.801627
1940	204.500000	11.125000	1.246021	0.830681
1941	204.500000	12.015000	1.248975	0.832650
1942	204.500000	12.905000	1.210987	0.807325
1943	204.500000	13.795000	1.134278	0.756186
1944	204.500000	14.685000	1.024192	0.682795
1945	204.500000	15.575000	0.890342	0.593561
1946	204.500000	16.465000	0.747661	0.498441
1947	204.500000	17.355000	0.615775	0.410516
1948	204.500000	18.245000	0.514192	0.342795
1949	204.500000	19.135000	0.452176	0.301451
1950	204.500000	20.025000	0.418776	0.279184
1951	204.500000	20.915000	0.385214	0.256810
1952	204.500000	21.805000	0.323024	0.215349
1953	204.500000	22.695000	0.221583	0.147722
1954	204.500000	23.585000	0.089548	0.059699
1955	204.500000	24.475000	-0.055419	-0.036946
1956	204.500000	25.365000	-0.196499	-0.130999
1957	204.500000	26.255000	-0.322160	-0.214773
1958	204.500000	27.145000	-0.426486	-0.284324
1959	204.500000	28.035000	-0.507837	-0.338558
1960	204.500000	28.925000	-0.567281	-0.378188
1961	204.500000	29.815000	-0.607340	-0.404893
1962	204.500000	30.705000	-0.631128	-0.420752
1963	204.500000	31.595000	-0.641821	-0.427881
1964	204.500000	32.485000	-0.642358	-0.428239
1965	204.500000	33.375000	-0.635286	-0.423524
1966	204.500000	34.265000	-0.622716	-0.415144
1967	204.500000	35.155000	-0.606319	-0.404213
1968	204.500000	36.045000	-0.587369	-0.391579
1969	204.500000	36.935000	-0.566789	-0.377859
1970	204.500000	37.825000	-0.545217	-0.363478
1971	204.500000	38.715000	-0.523064	-0.348709
1972	204.500000	39.605000	-0.500568	-0.333712
1973	204.500000	40.495000	-0.477851	-0.318567
1974	204.500000	41.385000	-0.454957	-0.303305
1975	204.500000	42.275000	-0.431895	-0.287930
1976	204.500000	43.165000	-0.408660	-0.272440
1977	204.500000	44.055000	-0.385255	-0.256837
1978	203.769643	44.500000	-0.560927	-0.373951
1979	202.308929	44.500000	-0.586824	-0.391216
1980	200.848214	44.500000	-0.591071	-0.394047
1981	199.387500	44.500000	-0.570238	-0.380159
1982	197.926786	44.500000	-0.522455	-0.348303
1983	196.466071	44.500000	-0.447780	-0.298520
1984	195.005357	44.500000	-0.348269	-0.232180
1985	193.544643	44.500000	-0.227634	-0.151756
1986	192.083929	44.500000	-0.090427	-0.060285
1987	190.623214	44.500000	0.059222	0.039482
1988	189.162500	44.500000	0.219293	0.146195
1989	187.701786	44.500000	0.391809	0.261206
1990	186.241071	44.500000	0.584583	0.389722
1991	184.780357	44.500000	0.811361	0.540908
1992	183.319643	44.500000	1.086876	0.724584
1993	181.858929	44.500000	1.411262	0.940841
1994	180.398214	44.500000	1.743573	1.162382
1995	178.937500	44.500000	1.985610	1.323740
1996	177.476786	44.500000	2.012498	1.341665
1997	176.016071	44.500000	1.745678	1.163786
1998	174.555357	44.500000	1.202467	0.801644
1999	173.094643	44.500000	0.474077	0.316052
2000	171.633929	44.500000	-0.333042	-0.222028
2001	170.173214	44.500000	-1.121166	-0.747444
2002	168.712500	44.500000	-1.788738	-1.192492
2003	167.251786	44.500000	-2.246498	-1.497666
2004	165.791071	44.500000	-2.475145	-1.650097
2005	164.330357	44.500000	-2.555832	-1.703888
2006	162.869643	44.500000	-2.622538	-1.748359
2007	161.408929	44.500000	-2.768058	-1.845372
2008	159.948214	44.500000	-2.977972	-1.985315
2009	158.487500	44.500000	-3.136894	-2.091263
2010	157.026786	44.500000	-3.103375	-2.068917
2011	155.566071	44.500000	-2.801819	-1.867879
2012	154.105357	44.500000	-2.258038	-1.505359
2013	152.644643	44.500000	-1.558914	-1.039276
2014	151.183929	44.500000	-0.796434	-0.530956
2015	149.723214	44.500000	-0.057303	-0.038202
2016	148.262500	44.500000	0.568822	0.379215
2017	146.801786	44.500000	1.023981	0.682654
2018	145.341071	44.500000	1.341212	0.894141
2019	143.880357	44.500000	1.650565	1.100377
2020	142.419643	44.500000	2.099540	1.399693
2021	140.958929	44.500000	2.737114	1.824743
2022	139.498214	44.500000	3.443758	2.295838
2023	138.037500	44.500000	3.971611	2.647741
2024	136.576786	44.500000	4.095454	2.730303
2025	135.116071	44.500000	3.762121	2.508081
2026	133.655357	44.500000	3.103964	2.069309
2027	132.194643	44.500000	2.320159	1.546773
2028	130.733929	44.500000	1.565817	1.043878
2029	129.273214	44.500000	0.940370	0.626913
2030	127.812500	44.500000	0.510019	0.340013
2031	126.351786	44.500000	0.282819	0.188546
2032	124.891071	44.500000	0.169268	0.112845
2033	123.430357	44.500000	0.005552	0.003701
2034	121.969643	44.500000	-0.349415	-0.232943
2035	120.508929	44.500000	-0.906990	-0.604660
2036	119.048214	44.500000	-1.511558	-1.007706
2037	117.587500	44.500000	-1.923856	-1.282571
2038	116.126786	44.500000	-1.991453	-1.327635
2039	114.666071	44.500000	-1.766564	-1.177710
2040	113.205357	44.500000	-1.459144	-0.972763
2041	111.744643	44.500000	-1.270996	-0.847331
2042	110.283929	44.500000	-1.260841	-0.840561
2043	108.823214	44.500000	-1.329370	-0.886247
2044	107.362500	44.500000	-1.303398	-0.868932
2045	105.901786	44.500000	-1.048184	-0.698790
2046	104.441071	44.500000	-0.529053	-0.352702
2047	102.980357	44.500000	0.206415	0.137610
2048	101.519643	44.500000	1.070417	0.713612
2049	100.058929	44.500000	1.931082	1.287388
2050	98.598214	44.500000	2.594687	1.729791
2051	97.137500	44.500000	2.872316	1.914877
2052	95.676786	44.500000	2.714932	1.809955
2053	94.216071	44.500000	2.272658	1.515105
2054	92.755357	44.500000	1.797336	1.198224
2055	91.294643	44.500000	1.472880	0.981920
2056	89.833929	44.500000	1.317480	0.878320
2057	88.373214	44.500000	1.208454	0.805636
2058	86.912500	44.500000	0.986947	0.657965
2059	85.451786	44.500000	0.564171	0.376114
2060	83.991071	44.500000	-0.043571	-0.029047
2061	82.530357	44.500000	-0.758358	-0.505572
2062	81.069643	44.500000	-1.494612	-0.996408
2063	79.608929	44.500000	-2.165776	-1.443851
2064	78.148214	44.500000	-2.677142	-1.784761
2065	76.687500	44.500000	-2.963584	-1.975723
2066	75.226786	44.500000	-3.047411	-2.031607
2067	73.766071	44.500000	-3.041090	-2.027393
2068	72.305357	44.500000	-3.074246	-2.049498
2069	70.844643	44.500000	-3.202423	-2.134949
2070	69.383929	44.500000	-3.366703	-2.244468
2071	67.923214	44.500000	-3.429559	-2.286373
2072	66.462500	44.500000	-3.265088	-2.176725
2073	65.001786	44.500000	-2.836642	-1.891095
2074	63.541071	44.500000	-2.200493	-1.466995
2075	62.080357	44.500000	-1.449592	-0.966395
2076	60.619643	44.500000	-0.671901	-0.447934
2077	59.158929	44.500000	0.044801	0.029867
2078	57.698214	44.500000	0.616678	0.411119
2079	56.237500	44.500000	1.015662	0.677108
2080	54.776786	44.500000	1.316976	0.877984
2081	53.316071	44.500000	1.671101	1.114067
2082	51.855357	44.500000	2.200987	1.467325
2083	50.394643	44.500000	2.894365	1.929576
2084	48.933929	44.500000	3.570749	2.380499
2085	47.473214	44.500000	3.970250	2.646833
2086	46.012500	44.500000	3.922434	2.614956
2087	44.551786	44.500000	3.454178	2.302785
2088	43.091071	44.500000	2.741642	1.827762
2089	41.630357	44.500000	1.975667	1.317112
2090	40.169643	44.500000	1.287444	0.858296
2091	38.708929	44.500000	0.763445	0.508963
2092	37.248214	44.500000	0.453548	0.302365
2093	35.787500	44.500000	0.331020	0.220680
2094	34.326786	44.500000	0.270121	0.180080
2095	32.866071	44.500000	0.101470	0.067647
2096	31.405357	44.500000	-0.277364	-0.184909
2097	29.944643	44.500000	-0.813358	-0.542239
2098	28.483929	44.500000	-1.304360	-0.869573
2099	27.023214	44.500000	-1.526980	-1.017987
2100	25.562500	44.500000	-1.405957	-0.937304
2101	24.101786	44.500000	-1.074007	-0.716005
2102	22.641071	44.500000	-0.764169	-0.509446
2103	21.180357	44.500000	-0.637559	-0.425039
2104	19.719643	44.500000	-0.690653	-0.460435
2105	18.258929	44.500000	-0.784512	-0.523008
2106	16.798214	44.500000	-0.749118	-0.499412
2107	15.337500	44.500000	-0.484091	-0.322728
2108	13.876786	44.500000	0.011466	0.007644
2109	12.416071	44.500000	0.675541	0.450361
2110	10.955357	44.500000	1.411023	0.940682
2111	9.494643	44.500000	2.064064	1.376043
2112	8.033929	44.500000	2.427874	1.618583
2113	6.573214	44.500000	2.345841	1.563894
2114	5.112500	44.500000	1.834843	1.223229
2115	3.651786	44.500000	1.087773	0.725182
2116	2.191071	44.500000	0.343536	0.229024
2117	0.730357	44.500000	-0.244087	-0.162724
2118	0.000000	44.055000	0.505577	0.337052
2119	0.000000	43.165000	0.250333	0.166889
2120	0.000000	42.275000	-0.043071	-0.028714
2121	0.000000	41.385000	-0.359910	-0.239940
2122	0.000000	40.495000	-0.674407	-0.449605
2123	0.000000	39.605000	-0.951128	-0.634085
2124	0.000000	38.715000	-1.155026	-0.770017
2125	0.000000	37.825000	-1.272023	-0.848015
2126	0.000000	36.935000	-1.328303	-0.885536
2127	0.000000	36.045000	-1.383846	-0.922564
2128	0.000000	35.155000	-1.495128	-0.996752
2129	0.000000	34.265000	-1.680926	-1.120617
2130	0.000000	33.375000	-1.920855	-1.280570
2131	0.000000	32.485000	-2.176284	-1.450856
2132	0.000000	31.595000	-2.409683	-1.606456
2133	0.000000	30.705000	-2.593203	-1.728802
2134	0.000000	29.815000	-2.709424	-1.806282
2135	0.000000	28.925000	-2.749180	-1.832787
2136	0.000000	28.035000	-2.709364	-1.806243
2137	0.000000	27.145000	-2.591872	-1.727915
2138	0.000000	26.255000	-2.404034	-1.602690
2139	0.000000	25.365000	-2.160386	-1.440257
2140	0.000000	24.475000	-1.885037	-1.256691
2141	0.000000	23.585000	-1.612530	-1.075020
2142	0.000000	22.695000	-1.382945	-0.921963
2143	0.000000	21.805000	-1.226625	-0.817750
2144	0.000000	20.915000	-1.141587	-0.761058
2145	0.000000	20.025000	-1.083238	-0.722159
2146	0.000000	19.135000	-0.987079	-0.658053
2147	0.000000	18.245000	-0.810086	-0.540057
2148	0.000000	17.355000	-0.551129	-0.367419
2149	0.000000	16.465000	-0.239035	-0.159357
2150	0.000000	15.575000	0.089890	0.059927
2151	0.000000	14.685000	0.406292	0.270862
2152	0.000000	13.795000	0.691916	0.461277
2153	0.000000	12.905000	0.938189	0.625459
2154	0.000000	12.015000	1.143227	0.762151
2155	0.000000	11.125000	1.309095	0.872730
2156	0.000000	10.235000	1.439820	0.959880
2157	0.000000	9.345000	1.540120	1.026747
2158	0.000000	8.455000	1.614666	1.076444
2159	0.000000	7.565000	1.667685	1.111790
2160	0.000000	6.675000	1.702796	1.135197
2161	0.000000	5.785000	1.722960	1.148640
2162	0.000000	4.895000	1.730521	1.153680
2163	0.000000	4.005000	1.727271	1.151514
2164	0.000000	3.115000	1.714549	1.143033
2165	0.000000	2.225000	1.693330	1.128887
2166	0.000000	1.335000	1.664325	1.109550
2167	0.000000	0.445000	1.628063	1.085375
